0.000	1.644924066898
0.001	1.643723091282
0.002	1.642524274106
0.003	1.641327609183
0.004	1.640133090354
0.005	1.638940711480
0.006	1.637750466450
0.007	1.636562349174
0.008	1.635376353588
0.009	1.634192473648
0.010	1.633010703336
0.011	1.631831036659
0.012	1.630653467643
0.013	1.629477990341
0.014	1.628304598826
0.015	1.627133287197
0.016	1.625964049572
0.017	1.624796880095
0.018	1.623631772932
0.019	1.622468722270
0.020	1.621307722319
0.021	1.620148767311
0.022	1.618991851502
0.023	1.617836969167
0.024	1.616684114605
0.025	1.615533282137
0.026	1.614384466104
0.027	1.613237660871
0.028	1.612092860821
0.029	1.610950060362
0.030	1.609809253922
0.031	1.608670435949
0.032	1.607533600913
0.033	1.606398743306
0.034	1.605265857640
0.035	1.604134938447
0.036	1.603005980280
0.037	1.601878977715
0.038	1.600753925344
0.039	1.599630817784
0.040	1.598509649670
0.041	1.597390415656
0.042	1.596273110418
0.043	1.595157728652
0.044	1.594044265074
0.045	1.592932714418
0.046	1.591823071439
0.047	1.590715330913
0.048	1.589609487633
0.049	1.588505536413
0.050	1.587403472086
0.051	1.586303289504
0.052	1.585204983538
0.053	1.584108549079
0.054	1.583013981037
0.055	1.581921274340
0.056	1.580830423935
0.057	1.579741424787
0.058	1.578654271882
0.059	1.577568960223
0.060	1.576485484831
0.061	1.575403840747
0.062	1.574324023028
0.063	1.573246026751
0.064	1.572169847010
0.065	1.571095478919
0.066	1.570022917607
0.067	1.568952158224
0.068	1.567883195936
0.069	1.566816025926
0.070	1.565750643396
0.071	1.564687043566
0.072	1.563625221671
0.073	1.562565172966
0.074	1.561506892723
0.075	1.560450376229
0.076	1.559395618791
0.077	1.558342615731
0.078	1.557291362389
0.079	1.556241854121
0.080	1.555194086302
0.081	1.554148054320
0.082	1.553103753584
0.083	1.552061179516
0.084	1.551020327557
0.085	1.549981193163
0.086	1.548943771808
0.087	1.547908058979
0.088	1.546874050183
0.089	1.545841740940
0.090	1.544811126790
0.091	1.543782203285
0.092	1.542754965995
0.093	1.541729410505
0.094	1.540705532417
0.095	1.539683327347
0.096	1.538662790928
0.097	1.537643918809
0.098	1.536626706652
0.099	1.535611150138
0.100	1.534597244960
0.101	1.533584986828
0.102	1.532574371468
0.103	1.531565394619
0.104	1.530558052037
0.105	1.529552339492
0.106	1.528548252769
0.107	1.527545787669
0.108	1.526544940006
0.109	1.525545705611
0.110	1.524548080327
0.111	1.523552060014
0.112	1.522557640545
0.113	1.521564817809
0.114	1.520573587707
0.115	1.519583946158
0.116	1.518595889092
0.117	1.517609412455
0.118	1.516624512206
0.119	1.515641184320
0.120	1.514659424783
0.121	1.513679229598
0.122	1.512700594781
0.123	1.511723516362
0.124	1.510747990383
0.125	1.509774012902
0.126	1.508801579990
0.127	1.507830687731
0.128	1.506861332224
0.129	1.505893509580
0.130	1.504927215924
0.131	1.503962447394
0.132	1.502999200144
0.133	1.502037470336
0.134	1.501077254150
0.135	1.500118547778
0.136	1.499161347423
0.137	1.498205649303
0.138	1.497251449650
0.139	1.496298744705
0.140	1.495347530727
0.141	1.494397803983
0.142	1.493449560757
0.143	1.492502797342
0.144	1.491557510046
0.145	1.490613695188
0.146	1.489671349103
0.147	1.488730468133
0.148	1.487791048638
0.149	1.486853086986
0.150	1.485916579559
0.151	1.484981522753
0.152	1.484047912973
0.153	1.483115746640
0.154	1.482185020182
0.155	1.481255730044
0.156	1.480327872681
0.157	1.479401444559
0.158	1.478476442158
0.159	1.477552861967
0.160	1.476630700491
0.161	1.475709954243
0.162	1.474790619749
0.163	1.473872693546
0.164	1.472956172185
0.165	1.472041052227
0.166	1.471127330242
0.167	1.470215002817
0.168	1.469304066545
0.169	1.468394518033
0.170	1.467486353900
0.171	1.466579570775
0.172	1.465674165299
0.173	1.464770134122
0.174	1.463867473908
0.175	1.462966181330
0.176	1.462066253075
0.177	1.461167685837
0.178	1.460270476323
0.179	1.459374621252
0.180	1.458480117352
0.181	1.457586961362
0.182	1.456695150033
0.183	1.455804680125
0.184	1.454915548411
0.185	1.454027751672
0.186	1.453141286701
0.187	1.452256150302
0.188	1.451372339289
0.189	1.450489850486
0.190	1.449608680727
0.191	1.448728826859
0.192	1.447850285735
0.193	1.446973054223
0.194	1.446097129198
0.195	1.445222507545
0.196	1.444349186163
0.197	1.443477161956
0.198	1.442606431842
0.199	1.441736992746
0.200	1.440868841607
0.201	1.440001975369
0.202	1.439136390990
0.203	1.438272085435
0.204	1.437409055682
0.205	1.436547298715
0.206	1.435686811530
0.207	1.434827591133
0.208	1.433969634539
0.209	1.433112938772
0.210	1.432257500867
0.211	1.431403317867
0.212	1.430550386825
0.213	1.429698704805
0.214	1.428848268878
0.215	1.427999076127
0.216	1.427151123641
0.217	1.426304408522
0.218	1.425458927878
0.219	1.424614678830
0.220	1.423771658503
0.221	1.422929864037
0.222	1.422089292576
0.223	1.421249941277
0.224	1.420411807304
0.225	1.419574887831
0.226	1.418739180039
0.227	1.417904681120
0.228	1.417071388275
0.229	1.416239298712
0.230	1.415408409650
0.231	1.414578718316
0.232	1.413750221945
0.233	1.412922917782
0.234	1.412096803079
0.235	1.411271875099
0.236	1.410448131111
0.237	1.409625568395
0.238	1.408804184238
0.239	1.407983975936
0.240	1.407164940794
0.241	1.406347076124
0.242	1.405530379249
0.243	1.404714847498
0.244	1.403900478209
0.245	1.403087268728
0.246	1.402275216412
0.247	1.401464318621
0.248	1.400654572729
0.249	1.399845976114
0.250	1.399038526164
0.251	1.398232220274
0.252	1.397427055850
0.253	1.396623030302
0.254	1.395820141051
0.255	1.395018385524
0.256	1.394217761158
0.257	1.393418265397
0.258	1.392619895692
0.259	1.391822649504
0.260	1.391026524299
0.261	1.390231517553
0.262	1.389437626749
0.263	1.388644849379
0.264	1.387853182941
0.265	1.387062624940
0.266	1.386273172892
0.267	1.385484824318
0.268	1.384697576748
0.269	1.383911427717
0.270	1.383126374771
0.271	1.382342415461
0.272	1.381559547347
0.273	1.380777767995
0.274	1.379997074981
0.275	1.379217465885
0.276	1.378438938297
0.277	1.377661489813
0.278	1.376885118038
0.279	1.376109820581
0.280	1.375335595062
0.281	1.374562439105
0.282	1.373790350344
0.283	1.373019326419
0.284	1.372249364976
0.285	1.371480463670
0.286	1.370712620162
0.287	1.369945832121
0.288	1.369180097222
0.289	1.368415413147
0.290	1.367651777586
0.291	1.366889188235
0.292	1.366127642797
0.293	1.365367138983
0.294	1.364607674510
0.295	1.363849247102
0.296	1.363091854489
0.297	1.362335494410
0.298	1.361580164608
0.299	1.360825862834
0.300	1.360072586847
0.301	1.359320334412
0.302	1.358569103298
0.303	1.357818891285
0.304	1.357069696157
0.305	1.356321515704
0.306	1.355574347725
0.307	1.354828190024
0.308	1.354083040412
0.309	1.353338896705
0.310	1.352595756728
0.311	1.351853618311
0.312	1.351112479290
0.313	1.350372337509
0.314	1.349633190816
0.315	1.348895037069
0.316	1.348157874128
0.317	1.347421699863
0.318	1.346686512147
0.319	1.345952308862
0.320	1.345219087896
0.321	1.344486847141
0.322	1.343755584497
0.323	1.343025297870
0.324	1.342295985173
0.325	1.341567644322
0.326	1.340840273242
0.327	1.340113869864
0.328	1.339388432124
0.329	1.338663957963
0.330	1.337940445331
0.331	1.337217892182
0.332	1.336496296476
0.333	1.335775656179
0.334	1.335055969263
0.335	1.334337233707
0.336	1.333619447495
0.337	1.332902608615
0.338	1.332186715065
0.339	1.331471764845
0.340	1.330757755963
0.341	1.330044686431
0.342	1.329332554269
0.343	1.328621357501
0.344	1.327911094157
0.345	1.327201762273
0.346	1.326493359890
0.347	1.325785885057
0.348	1.325079335825
0.349	1.324373710253
0.350	1.323669006406
0.351	1.322965222352
0.352	1.322262356168
0.353	1.321560405933
0.354	1.320859369733
0.355	1.320159245661
0.356	1.319460031814
0.357	1.318761726294
0.358	1.318064327209
0.359	1.317367832672
0.360	1.316672240803
0.361	1.315977549725
0.362	1.315283757568
0.363	1.314590862467
0.364	1.313898862562
0.365	1.313207755998
0.366	1.312517540925
0.367	1.311828215501
0.368	1.311139777886
0.369	1.310452226247
0.370	1.309765558754
0.371	1.309079773585
0.372	1.308394868922
0.373	1.307710842952
0.374	1.307027693867
0.375	1.306345419864
0.376	1.305664019145
0.377	1.304983489918
0.378	1.304303830396
0.379	1.303625038796
0.380	1.302947113340
0.381	1.302270052257
0.382	1.301593853777
0.383	1.300918516140
0.384	1.300244037587
0.385	1.299570416365
0.386	1.298897650727
0.387	1.298225738931
0.388	1.297554679237
0.389	1.296884469912
0.390	1.296215109229
0.391	1.295546595464
0.392	1.294878926898
0.393	1.294212101817
0.394	1.293546118512
0.395	1.292880975278
0.396	1.292216670417
0.397	1.291553202232
0.398	1.290890569034
0.399	1.290228769138
0.400	1.289567800861
0.401	1.288907662528
0.402	1.288248352468
0.403	1.287589869013
0.404	1.286932210501
0.405	1.286275375274
0.406	1.285619361680
0.407	1.284964168068
0.408	1.284309792795
0.409	1.283656234222
0.410	1.283003490714
0.411	1.282351560639
0.412	1.281700442371
0.413	1.281050134290
0.414	1.280400634777
0.415	1.279751942221
0.416	1.279104055012
0.417	1.278456971546
0.418	1.277810690224
0.419	1.277165209452
0.420	1.276520527637
0.421	1.275876643193
0.422	1.275233554538
0.423	1.274591260095
0.424	1.273949758289
0.425	1.273309047551
0.426	1.272669126317
0.427	1.272029993025
0.428	1.271391646118
0.429	1.270754084045
0.430	1.270117305258
0.431	1.269481308211
0.432	1.268846091366
0.433	1.268211653187
0.434	1.267577992143
0.435	1.266945106705
0.436	1.266312995351
0.437	1.265681656562
0.438	1.265051088823
0.439	1.264421290623
0.440	1.263792260454
0.441	1.263163996814
0.442	1.262536498205
0.443	1.261909763131
0.444	1.261283790101
0.445	1.260658577630
0.446	1.260034124234
0.447	1.259410428434
0.448	1.258787488756
0.449	1.258165303728
0.450	1.257543871884
0.451	1.256923191760
0.452	1.256303261898
0.453	1.255684080841
0.454	1.255065647140
0.455	1.254447959345
0.456	1.253831016014
0.457	1.253214815706
0.458	1.252599356986
0.459	1.251984638421
0.460	1.251370658583
0.461	1.250757416047
0.462	1.250144909392
0.463	1.249533137202
0.464	1.248922098062
0.465	1.248311790563
0.466	1.247702213300
0.467	1.247093364870
0.468	1.246485243875
0.469	1.245877848919
0.470	1.245271178612
0.471	1.244665231566
0.472	1.244060006397
0.473	1.243455501725
0.474	1.242851716174
0.475	1.242248648370
0.476	1.241646296945
0.477	1.241044660532
0.478	1.240443737769
0.479	1.239843527297
0.480	1.239244027762
0.481	1.238645237812
0.482	1.238047156099
0.483	1.237449781278
0.484	1.236853112009
0.485	1.236257146953
0.486	1.235661884777
0.487	1.235067324151
0.488	1.234473463747
0.489	1.233880302241
0.490	1.233287838313
0.491	1.232696070647
0.492	1.232104997930
0.493	1.231514618850
0.494	1.230924932102
0.495	1.230335936383
0.496	1.229747630392
0.497	1.229160012833
0.498	1.228573082414
0.499	1.227986837843
0.500	1.227401277835
0.501	1.226816401107
0.502	1.226232206379
0.503	1.225648692373
0.504	1.225065857818
0.505	1.224483701443
0.506	1.223902221981
0.507	1.223321418168
0.508	1.222741288745
0.509	1.222161832455
0.510	1.221583048043
0.511	1.221004934259
0.512	1.220427489856
0.513	1.219850713589
0.514	1.219274604218
0.515	1.218699160504
0.516	1.218124381213
0.517	1.217550265114
0.518	1.216976810977
0.519	1.216404017577
0.520	1.215831883693
0.521	1.215260408106
0.522	1.214689589598
0.523	1.214119426958
0.524	1.213549918976
0.525	1.212981064444
0.526	1.212412862160
0.527	1.211845310922
0.528	1.211278409532
0.529	1.210712156797
0.530	1.210146551525
0.531	1.209581592527
0.532	1.209017278617
0.533	1.208453608613
0.534	1.207890581335
0.535	1.207328195607
0.536	1.206766450256
0.537	1.206205344109
0.538	1.205644876000
0.539	1.205085044764
0.540	1.204525849238
0.541	1.203967288264
0.542	1.203409360686
0.543	1.202852065349
0.544	1.202295401105
0.545	1.201739366806
0.546	1.201183961306
0.547	1.200629183465
0.548	1.200075032143
0.549	1.199521506205
0.550	1.198968604516
0.551	1.198416325947
0.552	1.197864669370
0.553	1.197313633661
0.554	1.196763217697
0.555	1.196213420358
0.556	1.195664240530
0.557	1.195115677098
0.558	1.194567728951
0.559	1.194020394980
0.560	1.193473674082
0.561	1.192927565152
0.562	1.192382067092
0.563	1.191837178803
0.564	1.191292899191
0.565	1.190749227165
0.566	1.190206161635
0.567	1.189663701515
0.568	1.189121845722
0.569	1.188580593173
0.570	1.188039942791
0.571	1.187499893499
0.572	1.186960444226
0.573	1.186421593899
0.574	1.185883341451
0.575	1.185345685818
0.576	1.184808625936
0.577	1.184272160745
0.578	1.183736289187
0.579	1.183201010209
0.580	1.182666322757
0.581	1.182132225782
0.582	1.181598718236
0.583	1.181065799076
0.584	1.180533467258
0.585	1.180001721744
0.586	1.179470561496
0.587	1.178939985480
0.588	1.178409992663
0.589	1.177880582017
0.590	1.177351752514
0.591	1.176823503130
0.592	1.176295832843
0.593	1.175768740634
0.594	1.175242225484
0.595	1.174716286380
0.596	1.174190922310
0.597	1.173666132263
0.598	1.173141915233
0.599	1.172618270214
0.600	1.172095196205
0.601	1.171572692205
0.602	1.171050757216
0.603	1.170529390244
0.604	1.170008590296
0.605	1.169488356380
0.606	1.168968687510
0.607	1.168449582699
0.608	1.167931040964
0.609	1.167413061325
0.610	1.166895642802
0.611	1.166378784419
0.612	1.165862485203
0.613	1.165346744181
0.614	1.164831560385
0.615	1.164316932848
0.616	1.163802860604
0.617	1.163289342692
0.618	1.162776378152
0.619	1.162263966025
0.620	1.161752105356
0.621	1.161240795192
0.622	1.160730034582
0.623	1.160219822578
0.624	1.159710158232
0.625	1.159201040601
0.626	1.158692468743
0.627	1.158184441717
0.628	1.157676958587
0.629	1.157170018417
0.630	1.156663620274
0.631	1.156157763228
0.632	1.155652446348
0.633	1.155147668710
0.634	1.154643429388
0.635	1.154139727461
0.636	1.153636562009
0.637	1.153133932113
0.638	1.152631836858
0.639	1.152130275331
0.640	1.151629246621
0.641	1.151128749818
0.642	1.150628784014
0.643	1.150129348306
0.644	1.149630441791
0.645	1.149132063567
0.646	1.148634212736
0.647	1.148136888402
0.648	1.147640089670
0.649	1.147143815648
0.650	1.146648065445
0.651	1.146152838175
0.652	1.145658132949
0.653	1.145163948885
0.654	1.144670285101
0.655	1.144177140716
0.656	1.143684514853
0.657	1.143192406636
0.658	1.142700815192
0.659	1.142209739647
0.660	1.141719179134
0.661	1.141229132783
0.662	1.140739599730
0.663	1.140250579110
0.664	1.139762070063
0.665	1.139274071727
0.666	1.138786583246
0.667	1.138299603764
0.668	1.137813132427
0.669	1.137327168384
0.670	1.136841710783
0.671	1.136356758779
0.672	1.135872311523
0.673	1.135388368174
0.674	1.134904927888
0.675	1.134421989826
0.676	1.133939553149
0.677	1.133457617021
0.678	1.132976180609
0.679	1.132495243078
0.680	1.132014803600
0.681	1.131534861345
0.682	1.131055415486
0.683	1.130576465199
0.684	1.130098009662
0.685	1.129620048052
0.686	1.129142579550
0.687	1.128665603340
0.688	1.128189118607
0.689	1.127713124535
0.690	1.127237620314
0.691	1.126762605134
0.692	1.126288078186
0.693	1.125814038665
0.694	1.125340485766
0.695	1.124867418687
0.696	1.124394836626
0.697	1.123922738785
0.698	1.123451124367
0.699	1.122979992577
0.700	1.122509342621
0.701	1.122039173707
0.702	1.121569485045
0.703	1.121100275848
0.704	1.120631545329
0.705	1.120163292703
0.706	1.119695517187
0.707	1.119228218001
0.708	1.118761394366
0.709	1.118295045502
0.710	1.117829170636
0.711	1.117363768993
0.712	1.116898839801
0.713	1.116434382288
0.714	1.115970395686
0.715	1.115506879229
0.716	1.115043832150
0.717	1.114581253687
0.718	1.114119143076
0.719	1.113657499558
0.720	1.113196322374
0.721	1.112735610768
0.722	1.112275363984
0.723	1.111815581268
0.724	1.111356261870
0.725	1.110897405038
0.726	1.110439010024
0.727	1.109981076082
0.728	1.109523602466
0.729	1.109066588432
0.730	1.108610033240
0.731	1.108153936149
0.732	1.107698296420
0.733	1.107243113316
0.734	1.106788386102
0.735	1.106334114045
0.736	1.105880296412
0.737	1.105426932474
0.738	1.104974021500
0.739	1.104521562765
0.740	1.104069555542
0.741	1.103617999108
0.742	1.103166892740
0.743	1.102716235717
0.744	1.102266027321
0.745	1.101816266833
0.746	1.101366953538
0.747	1.100918086721
0.748	1.100469665669
0.749	1.100021689672
0.750	1.099574158019
0.751	1.099127070001
0.752	1.098680424914
0.753	1.098234222050
0.754	1.097788460708
0.755	1.097343140184
0.756	1.096898259779
0.757	1.096453818792
0.758	1.096009816528
0.759	1.095566252291
0.760	1.095123125384
0.761	1.094680435117
0.762	1.094238180797
0.763	1.093796361735
0.764	1.093354977243
0.765	1.092914026633
0.766	1.092473509220
0.767	1.092033424321
0.768	1.091593771252
0.769	1.091154549334
0.770	1.090715757886
0.771	1.090277396231
0.772	1.089839463693
0.773	1.089401959596
0.774	1.088964883267
0.775	1.088528234033
0.776	1.088092011224
0.777	1.087656214172
0.778	1.087220842207
0.779	1.086785894665
0.780	1.086351370879
0.781	1.085917270187
0.782	1.085483591927
0.783	1.085050335438
0.784	1.084617500061
0.785	1.084185085137
0.786	1.083753090012
0.787	1.083321514030
0.788	1.082890356537
0.789	1.082459616882
0.790	1.082029294413
0.791	1.081599388482
0.792	1.081169898440
0.793	1.080740823641
0.794	1.080312163440
0.795	1.079883917193
0.796	1.079456084258
0.797	1.079028663994
0.798	1.078601655760
0.799	1.078175058919
0.800	1.077748872834
0.801	1.077323096870
0.802	1.076897730391
0.803	1.076472772766
0.804	1.076048223362
0.805	1.075624081550
0.806	1.075200346700
0.807	1.074777018186
0.808	1.074354095381
0.809	1.073931577660
0.810	1.073509464400
0.811	1.073087754978
0.812	1.072666448774
0.813	1.072245545168
0.814	1.071825043541
0.815	1.071404943278
0.816	1.070985243762
0.817	1.070565944379
0.818	1.070147044516
0.819	1.069728543561
0.820	1.069310440904
0.821	1.068892735935
0.822	1.068475428047
0.823	1.068058516633
0.824	1.067642001087
0.825	1.067225880806
0.826	1.066810155187
0.827	1.066394823629
0.828	1.065979885530
0.829	1.065565340292
0.830	1.065151187318
0.831	1.064737426011
0.832	1.064324055774
0.833	1.063911076016
0.834	1.063498486142
0.835	1.063086285562
0.836	1.062674473684
0.837	1.062263049921
0.838	1.061852013683
0.839	1.061441364385
0.840	1.061031101441
0.841	1.060621224267
0.842	1.060211732280
0.843	1.059802624898
0.844	1.059393901541
0.845	1.058985561629
0.846	1.058577604585
0.847	1.058170029831
0.848	1.057762836791
0.849	1.057356024892
0.850	1.056949593560
0.851	1.056543542222
0.852	1.056137870308
0.853	1.055732577248
0.854	1.055327662473
0.855	1.054923125416
0.856	1.054518965511
0.857	1.054115182192
0.858	1.053711774896
0.859	1.053308743060
0.860	1.052906086122
0.861	1.052503803523
0.862	1.052101894701
0.863	1.051700359100
0.864	1.051299196163
0.865	1.050898405333
0.866	1.050497986056
0.867	1.050097937778
0.868	1.049698259947
0.869	1.049298952012
0.870	1.048900013422
0.871	1.048501443629
0.872	1.048103242084
0.873	1.047705408241
0.874	1.047307941553
0.875	1.046910841478
0.876	1.046514107470
0.877	1.046117738988
0.878	1.045721735490
0.879	1.045326096437
0.880	1.044930821288
0.881	1.044535909507
0.882	1.044141360557
0.883	1.043747173901
0.884	1.043353349006
0.885	1.042959885337
0.886	1.042566782362
0.887	1.042174039549
0.888	1.041781656369
0.889	1.041389632292
0.890	1.040997966790
0.891	1.040606659335
0.892	1.040215709402
0.893	1.039825116466
0.894	1.039434880003
0.895	1.039044999490
0.896	1.038655474404
0.897	1.038266304226
0.898	1.037877488436
0.899	1.037489026515
0.900	1.037100917946
0.901	1.036713162211
0.902	1.036325758796
0.903	1.035938707185
0.904	1.035552006866
0.905	1.035165657326
0.906	1.034779658053
0.907	1.034394008538
0.908	1.034008708271
0.909	1.033623756743
0.910	1.033239153448
0.911	1.032854897878
0.912	1.032470989530
0.913	1.032087427897
0.914	1.031704212478
0.915	1.031321342770
0.916	1.030938818272
0.917	1.030556638484
0.918	1.030174802905
0.919	1.029793311039
0.920	1.029412162387
0.921	1.029031356454
0.922	1.028650892744
0.923	1.028270770764
0.924	1.027890990018
0.925	1.027511550016
0.926	1.027132450267
0.927	1.026753690278
0.928	1.026375269562
0.929	1.025997187630
0.930	1.025619443994
0.931	1.025242038168
0.932	1.024864969667
0.933	1.024488238005
0.934	1.024111842699
0.935	1.023735783267
0.936	1.023360059227
0.937	1.022984670097
0.938	1.022609615399
0.939	1.022234894654
0.940	1.021860507382
0.941	1.021486453109
0.942	1.021112731357
0.943	1.020739341651
0.944	1.020366283518
0.945	1.019993556484
0.946	1.019621160076
0.947	1.019249093824
0.948	1.018877357257
0.949	1.018505949906
0.950	1.018134871301
0.951	1.017764120976
0.952	1.017393698463
0.953	1.017023603297
0.954	1.016653835012
0.955	1.016284393145
0.956	1.015915277233
0.957	1.015546486813
0.958	1.015178021424
0.959	1.014809880605
0.960	1.014442063898
0.961	1.014074570844
0.962	1.013707400984
0.963	1.013340553862
0.964	1.012974029022
0.965	1.012607826009
0.966	1.012241944369
0.967	1.011876383649
0.968	1.011511143396
0.969	1.011146223158
0.970	1.010781622485
0.971	1.010417340928
0.972	1.010053378037
0.973	1.009689733364
0.974	1.009326406463
0.975	1.008963396886
0.976	1.008600704189
0.977	1.008238327926
0.978	1.007876267655
0.979	1.007514522932
0.980	1.007153093315
0.981	1.006791978363
0.982	1.006431177636
0.983	1.006070690695
0.984	1.005710517100
0.985	1.005350656414
0.986	1.004991108201
0.987	1.004631872023
0.988	1.004272947447
0.989	1.003914334036
0.990	1.003556031359
0.991	1.003198038982
0.992	1.002840356473
0.993	1.002482983401
0.994	1.002125919336
0.995	1.001769163848
0.996	1.001412716509
0.997	1.001056576892
0.998	1.000700744568
0.999	1.000345219113
1.000	0.999990000100
1.001	0.999635087105
1.002	0.999280479705
1.003	0.998926177476
1.004	0.998572179997
1.005	0.998218486846
1.006	0.997865097602
1.007	0.997512011846
1.008	0.997159229160
1.009	0.996806749124
1.010	0.996454571322
1.011	0.996102695337
1.012	0.995751120754
1.013	0.995399847157
1.014	0.995048874133
1.015	0.994698201267
1.016	0.994347828148
1.017	0.993997754364
1.018	0.993647979503
1.019	0.993298503156
1.020	0.992949324913
1.021	0.992600444365
1.022	0.992251861104
1.023	0.991903574724
1.024	0.991555584817
1.025	0.991207890979
1.026	0.990860492804
1.027	0.990513389889
1.028	0.990166581829
1.029	0.989820068223
1.030	0.989473848668
1.031	0.989127922764
1.032	0.988782290111
1.033	0.988436950308
1.034	0.988091902957
1.035	0.987747147660
1.036	0.987402684020
1.037	0.987058511640
1.038	0.986714630124
1.039	0.986371039077
1.040	0.986027738105
1.041	0.985684726814
1.042	0.985342004812
1.043	0.984999571706
1.044	0.984657427105
1.045	0.984315570619
1.046	0.983974001856
1.047	0.983632720429
1.048	0.983291725948
1.049	0.982951018026
1.050	0.982610596276
1.051	0.982270460312
1.052	0.981930609748
1.053	0.981591044198
1.054	0.981251763280
1.055	0.980912766609
1.056	0.980574053803
1.057	0.980235624479
1.058	0.979897478257
1.059	0.979559614756
1.060	0.979222033595
1.061	0.978884734396
1.062	0.978547716781
1.063	0.978210980371
1.064	0.977874524789
1.065	0.977538349659
1.066	0.977202454605
1.067	0.976866839252
1.068	0.976531503226
1.069	0.976196446153
1.070	0.975861667661
1.071	0.975527167376
1.072	0.975192944928
1.073	0.974858999946
1.074	0.974525332058
1.075	0.974191940897
1.076	0.973858826092
1.077	0.973525987277
1.078	0.973193424082
1.079	0.972861136142
1.080	0.972529123091
1.081	0.972197384562
1.082	0.971865920191
1.083	0.971534729615
1.084	0.971203812468
1.085	0.970873168389
1.086	0.970542797016
1.087	0.970212697987
1.088	0.969882870941
1.089	0.969553315518
1.090	0.969224031358
1.091	0.968895018104
1.092	0.968566275395
1.093	0.968237802876
1.094	0.967909600189
1.095	0.967581666977
1.096	0.967254002886
1.097	0.966926607560
1.098	0.966599480645
1.099	0.966272621787
1.100	0.965946030634
1.101	0.965619706832
1.102	0.965293650031
1.103	0.964967859878
1.104	0.964642336025
1.105	0.964317078120
1.106	0.963992085815
1.107	0.963667358761
1.108	0.963342896610
1.109	0.963018699015
1.110	0.962694765629
1.111	0.962371096106
1.112	0.962047690101
1.113	0.961724547268
1.114	0.961401667265
1.115	0.961079049746
1.116	0.960756694370
1.117	0.960434600793
1.118	0.960112768675
1.119	0.959791197674
1.120	0.959469887449
1.121	0.959148837661
1.122	0.958828047971
1.123	0.958507518039
1.124	0.958187247529
1.125	0.957867236101
1.126	0.957547483421
1.127	0.957227989150
1.128	0.956908752954
1.129	0.956589774498
1.130	0.956271053447
1.131	0.955952589468
1.132	0.955634382227
1.133	0.955316431391
1.134	0.954998736629
1.135	0.954681297609
1.136	0.954364114000
1.137	0.954047185472
1.138	0.953730511696
1.139	0.953414092341
1.140	0.953097927081
1.141	0.952782015586
1.142	0.952466357529
1.143	0.952150952585
1.144	0.951835800426
1.145	0.951520900726
1.146	0.951206253162
1.147	0.950891857408
1.148	0.950577713141
1.149	0.950263820037
1.150	0.949950177774
1.151	0.949636786029
1.152	0.949323644482
1.153	0.949010752810
1.154	0.948698110693
1.155	0.948385717812
1.156	0.948073573848
1.157	0.947761678481
1.158	0.947450031393
1.159	0.947138632267
1.160	0.946827480786
1.161	0.946516576633
1.162	0.946205919492
1.163	0.945895509048
1.164	0.945585344987
1.165	0.945275426993
1.166	0.944965754753
1.167	0.944656327953
1.168	0.944347146283
1.169	0.944038209428
1.170	0.943729517078
1.171	0.943421068921
1.172	0.943112864648
1.173	0.942804903948
1.174	0.942497186513
1.175	0.942189712032
1.176	0.941882480198
1.177	0.941575490704
1.178	0.941268743241
1.179	0.940962237504
1.180	0.940655973186
1.181	0.940349949982
1.182	0.940044167587
1.183	0.939738625695
1.184	0.939433324004
1.185	0.939128262209
1.186	0.938823440008
1.187	0.938518857099
1.188	0.938214513178
1.189	0.937910407946
1.190	0.937606541102
1.191	0.937302912344
1.192	0.936999521373
1.193	0.936696367891
1.194	0.936393451597
1.195	0.936090772195
1.196	0.935788329386
1.197	0.935486122873
1.198	0.935184152359
1.199	0.934882417548
1.200	0.934580918146
1.201	0.934279653855
1.202	0.933978624383
1.203	0.933677829434
1.204	0.933377268715
1.205	0.933076941933
1.206	0.932776848796
1.207	0.932476989010
1.208	0.932177362286
1.209	0.931877968331
1.210	0.931578806855
1.211	0.931279877568
1.212	0.930981180181
1.213	0.930682714403
1.214	0.930384479948
1.215	0.930086476525
1.216	0.929788703849
1.217	0.929491161632
1.218	0.929193849587
1.219	0.928896767428
1.220	0.928599914869
1.221	0.928303291626
1.222	0.928006897413
1.223	0.927710731947
1.224	0.927414794944
1.225	0.927119086120
1.226	0.926823605193
1.227	0.926528351880
1.228	0.926233325901
1.229	0.925938526973
1.230	0.925643954816
1.231	0.925349609150
1.232	0.925055489694
1.233	0.924761596169
1.234	0.924467928297
1.235	0.924174485799
1.236	0.923881268397
1.237	0.923588275814
1.238	0.923295507772
1.239	0.923002963995
1.240	0.922710644208
1.241	0.922418548134
1.242	0.922126675498
1.243	0.921835026026
1.244	0.921543599443
1.245	0.921252395477
1.246	0.920961413853
1.247	0.920670654298
1.248	0.920380116541
1.249	0.920089800310
1.250	0.919799705333
1.251	0.919509831339
1.252	0.919220178057
1.253	0.918930745219
1.254	0.918641532553
1.255	0.918352539791
1.256	0.918063766665
1.257	0.917775212906
1.258	0.917486878246
1.259	0.917198762417
1.260	0.916910865154
1.261	0.916623186190
1.262	0.916335725258
1.263	0.916048482094
1.264	0.915761456431
1.265	0.915474648006
1.266	0.915188056554
1.267	0.914901681812
1.268	0.914615523516
1.269	0.914329581403
1.270	0.914043855211
1.271	0.913758344678
1.272	0.913473049543
1.273	0.913187969543
1.274	0.912903104419
1.275	0.912618453911
1.276	0.912334017758
1.277	0.912049795701
1.278	0.911765787481
1.279	0.911481992840
1.280	0.911198411520
1.281	0.910915043262
1.282	0.910631887811
1.283	0.910348944908
1.284	0.910066214298
1.285	0.909783695725
1.286	0.909501388932
1.287	0.909219293666
1.288	0.908937409671
1.289	0.908655736694
1.290	0.908374274479
1.291	0.908093022775
1.292	0.907811981328
1.293	0.907531149885
1.294	0.907250528194
1.295	0.906970116004
1.296	0.906689913063
1.297	0.906409919121
1.298	0.906130133926
1.299	0.905850557229
1.300	0.905571188781
1.301	0.905292028331
1.302	0.905013075631
1.303	0.904734330434
1.304	0.904455792489
1.305	0.904177461551
1.306	0.903899337372
1.307	0.903621419705
1.308	0.903343708304
1.309	0.903066202922
1.310	0.902788903315
1.311	0.902511809237
1.312	0.902234920443
1.313	0.901958236689
1.314	0.901681757731
1.315	0.901405483325
1.316	0.901129413229
1.317	0.900853547199
1.318	0.900577884993
1.319	0.900302426370
1.320	0.900027171087
1.321	0.899752118903
1.322	0.899477269578
1.323	0.899202622872
1.324	0.898928178544
1.325	0.898653936354
1.326	0.898379896064
1.327	0.898106057435
1.328	0.897832420228
1.329	0.897558984205
1.330	0.897285749128
1.331	0.897012714761
1.332	0.896739880866
1.333	0.896467247207
1.334	0.896194813548
1.335	0.895922579653
1.336	0.895650545287
1.337	0.895378710215
1.338	0.895107074202
1.339	0.894835637013
1.340	0.894564398416
1.341	0.894293358177
1.342	0.894022516062
1.343	0.893751871840
1.344	0.893481425277
1.345	0.893211176142
1.346	0.892941124203
1.347	0.892671269229
1.348	0.892401610989
1.349	0.892132149253
1.350	0.891862883791
1.351	0.891593814373
1.352	0.891324940770
1.353	0.891056262752
1.354	0.890787780092
1.355	0.890519492560
1.356	0.890251399930
1.357	0.889983501973
1.358	0.889715798463
1.359	0.889448289173
1.360	0.889180973877
1.361	0.888913852347
1.362	0.888646924360
1.363	0.888380189689
1.364	0.888113648109
1.365	0.887847299397
1.366	0.887581143327
1.367	0.887315179676
1.368	0.887049408221
1.369	0.886783828737
1.370	0.886518441004
1.371	0.886253244797
1.372	0.885988239896
1.373	0.885723426078
1.374	0.885458803122
1.375	0.885194370807
1.376	0.884930128912
1.377	0.884666077217
1.378	0.884402215502
1.379	0.884138543548
1.380	0.883875061135
1.381	0.883611768045
1.382	0.883348664058
1.383	0.883085748957
1.384	0.882823022524
1.385	0.882560484541
1.386	0.882298134791
1.387	0.882035973057
1.388	0.881773999124
1.389	0.881512212773
1.390	0.881250613791
1.391	0.880989201962
1.392	0.880727977070
1.393	0.880466938900
1.394	0.880206087239
1.395	0.879945421871
1.396	0.879684942585
1.397	0.879424649165
1.398	0.879164541399
1.399	0.878904619074
1.400	0.878644881979
1.401	0.878385329900
1.402	0.878125962626
1.403	0.877866779946
1.404	0.877607781648
1.405	0.877348967522
1.406	0.877090337358
1.407	0.876831890945
1.408	0.876573628074
1.409	0.876315548536
1.410	0.876057652120
1.411	0.875799938619
1.412	0.875542407825
1.413	0.875285059528
1.414	0.875027893522
1.415	0.874770909598
1.416	0.874514107551
1.417	0.874257487172
1.418	0.874001048256
1.419	0.873744790596
1.420	0.873488713987
1.421	0.873232818223
1.422	0.872977103099
1.423	0.872721568411
1.424	0.872466213952
1.425	0.872211039520
1.426	0.871956044911
1.427	0.871701229921
1.428	0.871446594346
1.429	0.871192137984
1.430	0.870937860633
1.431	0.870683762089
1.432	0.870429842151
1.433	0.870176100617
1.434	0.869922537286
1.435	0.869669151957
1.436	0.869415944429
1.437	0.869162914502
1.438	0.868910061975
1.439	0.868657386650
1.440	0.868404888325
1.441	0.868152566803
1.442	0.867900421884
1.443	0.867648453369
1.444	0.867396661061
1.445	0.867145044762
1.446	0.866893604274
1.447	0.866642339399
1.448	0.866391249941
1.449	0.866140335702
1.450	0.865889596487
1.451	0.865639032100
1.452	0.865388642343
1.453	0.865138427023
1.454	0.864888385944
1.455	0.864638518911
1.456	0.864388825729
1.457	0.864139306204
1.458	0.863889960142
1.459	0.863640787349
1.460	0.863391787632
1.461	0.863142960799
1.462	0.862894306655
1.463	0.862645825008
1.464	0.862397515667
1.465	0.862149378439
1.466	0.861901413133
1.467	0.861653619558
1.468	0.861405997522
1.469	0.861158546834
1.470	0.860911267305
1.471	0.860664158743
1.472	0.860417220960
1.473	0.860170453766
1.474	0.859923856970
1.475	0.859677430385
1.476	0.859431173822
1.477	0.859185087092
1.478	0.858939170006
1.479	0.858693422378
1.480	0.858447844020
1.481	0.858202434744
1.482	0.857957194363
1.483	0.857712122691
1.484	0.857467219542
1.485	0.857222484728
1.486	0.856977918065
1.487	0.856733519366
1.488	0.856489288447
1.489	0.856245225123
1.490	0.856001329208
1.491	0.855757600518
1.492	0.855514038870
1.493	0.855270644079
1.494	0.855027415961
1.495	0.854784354334
1.496	0.854541459014
1.497	0.854298729819
1.498	0.854056166565
1.499	0.853813769072
1.500	0.853571537156
1.501	0.853329470637
1.502	0.853087569332
1.503	0.852845833062
1.504	0.852604261644
1.505	0.852362854898
1.506	0.852121612645
1.507	0.851880534703
1.508	0.851639620894
1.509	0.851398871038
1.510	0.851158284955
1.511	0.850917862467
1.512	0.850677603395
1.513	0.850437507561
1.514	0.850197574786
1.515	0.849957804892
1.516	0.849718197703
1.517	0.849478753040
1.518	0.849239470728
1.519	0.849000350588
1.520	0.848761392444
1.521	0.848522596120
1.522	0.848283961441
1.523	0.848045488230
1.524	0.847807176311
1.525	0.847569025511
1.526	0.847331035653
1.527	0.847093206563
1.528	0.846855538067
1.529	0.846618029990
1.530	0.846380682159
1.531	0.846143494400
1.532	0.845906466539
1.533	0.845669598404
1.534	0.845432889821
1.535	0.845196340618
1.536	0.844959950623
1.537	0.844723719664
1.538	0.844487647568
1.539	0.844251734164
1.540	0.844015979281
1.541	0.843780382748
1.542	0.843544944394
1.543	0.843309664048
1.544	0.843074541540
1.545	0.842839576701
1.546	0.842604769359
1.547	0.842370119346
1.548	0.842135626493
1.549	0.841901290630
1.550	0.841667111588
1.551	0.841433089199
1.552	0.841199223296
1.553	0.840965513708
1.554	0.840731960270
1.555	0.840498562813
1.556	0.840265321170
1.557	0.840032235175
1.558	0.839799304659
1.559	0.839566529457
1.560	0.839333909402
1.561	0.839101444329
1.562	0.838869134071
1.563	0.838636978463
1.564	0.838404977339
1.565	0.838173130535
1.566	0.837941437886
1.567	0.837709899226
1.568	0.837478514393
1.569	0.837247283220
1.570	0.837016205546
1.571	0.836785281205
1.572	0.836554510036
1.573	0.836323891873
1.574	0.836093426555
1.575	0.835863113920
1.576	0.835632953803
1.577	0.835402946044
1.578	0.835173090481
1.579	0.834943386951
1.580	0.834713835293
1.581	0.834484435345
1.582	0.834255186948
1.583	0.834026089940
1.584	0.833797144161
1.585	0.833568349449
1.586	0.833339705646
1.587	0.833111212591
1.588	0.832882870125
1.589	0.832654678089
1.590	0.832426636322
1.591	0.832198744667
1.592	0.831971002965
1.593	0.831743411057
1.594	0.831515968785
1.595	0.831288675990
1.596	0.831061532517
1.597	0.830834538205
1.598	0.830607692900
1.599	0.830380996443
1.600	0.830154448677
1.601	0.829928049446
1.602	0.829701798594
1.603	0.829475695964
1.604	0.829249741401
1.605	0.829023934749
1.606	0.828798275852
1.607	0.828572764555
1.608	0.828347400703
1.609	0.828122184142
1.610	0.827897114716
1.611	0.827672192271
1.612	0.827447416654
1.613	0.827222787710
1.614	0.826998305286
1.615	0.826773969228
1.616	0.826549779382
1.617	0.826325735597
1.618	0.826101837719
1.619	0.825878085595
1.620	0.825654479074
1.621	0.825431018003
1.622	0.825207702230
1.623	0.824984531603
1.624	0.824761505971
1.625	0.824538625183
1.626	0.824315889088
1.627	0.824093297535
1.628	0.823870850372
1.629	0.823648547451
1.630	0.823426388620
1.631	0.823204373730
1.632	0.822982502631
1.633	0.822760775174
1.634	0.822539191209
1.635	0.822317750586
1.636	0.822096453158
1.637	0.821875298775
1.638	0.821654287289
1.639	0.821433418552
1.640	0.821212692416
1.641	0.820992108733
1.642	0.820771667355
1.643	0.820551368134
1.644	0.820331210925
1.645	0.820111195579
1.646	0.819891321950
1.647	0.819671589892
1.648	0.819451999257
1.649	0.819232549900
1.650	0.819013241676
1.651	0.818794074437
1.652	0.818575048040
1.653	0.818356162337
1.654	0.818137417185
1.655	0.817918812438
1.656	0.817700347952
1.657	0.817482023582
1.658	0.817263839184
1.659	0.817045794614
1.660	0.816827889728
1.661	0.816610124382
1.662	0.816392498433
1.663	0.816175011737
1.664	0.815957664152
1.665	0.815740455535
1.666	0.815523385743
1.667	0.815306454633
1.668	0.815089662063
1.669	0.814873007892
1.670	0.814656491977
1.671	0.814440114177
1.672	0.814223874350
1.673	0.814007772355
1.674	0.813791808051
1.675	0.813575981297
1.676	0.813360291953
1.677	0.813144739878
1.678	0.812929324932
1.679	0.812714046974
1.680	0.812498905865
1.681	0.812283901466
1.682	0.812069033636
1.683	0.811854302237
1.684	0.811639707129
1.685	0.811425248174
1.686	0.811210925232
1.687	0.810996738166
1.688	0.810782686837
1.689	0.810568771107
1.690	0.810354990838
1.691	0.810141345893
1.692	0.809927836133
1.693	0.809714461422
1.694	0.809501221622
1.695	0.809288116597
1.696	0.809075146209
1.697	0.808862310323
1.698	0.808649608801
1.699	0.808437041508
1.700	0.808224608307
1.701	0.808012309063
1.702	0.807800143641
1.703	0.807588111904
1.704	0.807376213718
1.705	0.807164448947
1.706	0.806952817458
1.707	0.806741319114
1.708	0.806529953781
1.709	0.806318721326
1.710	0.806107621614
1.711	0.805896654511
1.712	0.805685819884
1.713	0.805475117599
1.714	0.805264547522
1.715	0.805054109521
1.716	0.804843803463
1.717	0.804633629214
1.718	0.804423586642
1.719	0.804213675614
1.720	0.804003895999
1.721	0.803794247665
1.722	0.803584730478
1.723	0.803375344309
1.724	0.803166089025
1.725	0.802956964494
1.726	0.802747970586
1.727	0.802539107170
1.728	0.802330374115
1.729	0.802121771291
1.730	0.801913298566
1.731	0.801704955811
1.732	0.801496742896
1.733	0.801288659690
1.734	0.801080706064
1.735	0.800872881889
1.736	0.800665187035
1.737	0.800457621373
1.738	0.800250184774
1.739	0.800042877108
1.740	0.799835698249
1.741	0.799628648066
1.742	0.799421726433
1.743	0.799214933220
1.744	0.799008268299
1.745	0.798801731544
1.746	0.798595322826
1.747	0.798389042018
1.748	0.798182888992
1.749	0.797976863622
1.750	0.797770965781
1.751	0.797565195343
1.752	0.797359552179
1.753	0.797154036165
1.754	0.796948647174
1.755	0.796743385080
1.756	0.796538249757
1.757	0.796333241079
1.758	0.796128358921
1.759	0.795923603158
1.760	0.795718973665
1.761	0.795514470316
1.762	0.795310092986
1.763	0.795105841552
1.764	0.794901715888
1.765	0.794697715870
1.766	0.794493841375
1.767	0.794290092277
1.768	0.794086468454
1.769	0.793882969782
1.770	0.793679596137
1.771	0.793476347395
1.772	0.793273223435
1.773	0.793070224133
1.774	0.792867349365
1.775	0.792664599010
1.776	0.792461972945
1.777	0.792259471048
1.778	0.792057093196
1.779	0.791854839268
1.780	0.791652709142
1.781	0.791450702696
1.782	0.791248819809
1.783	0.791047060359
1.784	0.790845424225
1.785	0.790643911287
1.786	0.790442521423
1.787	0.790241254513
1.788	0.790040110437
1.789	0.789839089074
1.790	0.789638190303
1.791	0.789437414006
1.792	0.789236760061
1.793	0.789036228350
1.794	0.788835818753
1.795	0.788635531150
1.796	0.788435365423
1.797	0.788235321453
1.798	0.788035399119
1.799	0.787835598305
1.800	0.787635918891
1.801	0.787436360758
1.802	0.787236923789
1.803	0.787037607866
1.804	0.786838412871
1.805	0.786639338685
1.806	0.786440385192
1.807	0.786241552273
1.808	0.786042839813
1.809	0.785844247692
1.810	0.785645775796
1.811	0.785447424005
1.812	0.785249192206
1.813	0.785051080279
1.814	0.784853088110
1.815	0.784655215582
1.816	0.784457462579
1.817	0.784259828985
1.818	0.784062314685
1.819	0.783864919562
1.820	0.783667643502
1.821	0.783470486389
1.822	0.783273448109
1.823	0.783076528545
1.824	0.782879727584
1.825	0.782683045111
1.826	0.782486481011
1.827	0.782290035170
1.828	0.782093707474
1.829	0.781897497808
1.830	0.781701406059
1.831	0.781505432114
1.832	0.781309575858
1.833	0.781113837178
1.834	0.780918215961
1.835	0.780722712094
1.836	0.780527325464
1.837	0.780332055958
1.838	0.780136903463
1.839	0.779941867866
1.840	0.779746949056
1.841	0.779552146921
1.842	0.779357461347
1.843	0.779162892224
1.844	0.778968439439
1.845	0.778774102881
1.846	0.778579882438
1.847	0.778385777999
1.848	0.778191789453
1.849	0.777997916689
1.850	0.777804159595
1.851	0.777610518062
1.852	0.777416991978
1.853	0.777223581233
1.854	0.777030285717
1.855	0.776837105320
1.856	0.776644039931
1.857	0.776451089440
1.858	0.776258253739
1.859	0.776065532717
1.860	0.775872926265
1.861	0.775680434274
1.862	0.775488056634
1.863	0.775295793237
1.864	0.775103643973
1.865	0.774911608735
1.866	0.774719687412
1.867	0.774527879898
1.868	0.774336186083
1.869	0.774144605859
1.870	0.773953139119
1.871	0.773761785755
1.872	0.773570545658
1.873	0.773379418722
1.874	0.773188404839
1.875	0.772997503901
1.876	0.772806715801
1.877	0.772616040433
1.878	0.772425477689
1.879	0.772235027463
1.880	0.772044689648
1.881	0.771854464138
1.882	0.771664350826
1.883	0.771474349606
1.884	0.771284460373
1.885	0.771094683019
1.886	0.770905017440
1.887	0.770715463530
1.888	0.770526021183
1.889	0.770336690294
1.890	0.770147470758
1.891	0.769958362469
1.892	0.769769365323
1.893	0.769580479215
1.894	0.769391704040
1.895	0.769203039694
1.896	0.769014486072
1.897	0.768826043071
1.898	0.768637710585
1.899	0.768449488511
1.900	0.768261376745
1.901	0.768073375183
1.902	0.767885483722
1.903	0.767697702258
1.904	0.767510030688
1.905	0.767322468909
1.906	0.767135016818
1.907	0.766947674312
1.908	0.766760441287
1.909	0.766573317642
1.910	0.766386303274
1.911	0.766199398080
1.912	0.766012601958
1.913	0.765825914806
1.914	0.765639336522
1.915	0.765452867005
1.916	0.765266506152
1.917	0.765080253862
1.918	0.764894110033
1.919	0.764708074565
1.920	0.764522147355
1.921	0.764336328303
1.922	0.764150617308
1.923	0.763965014269
1.924	0.763779519085
1.925	0.763594131656
1.926	0.763408851882
1.927	0.763223679661
1.928	0.763038614895
1.929	0.762853657482
1.930	0.762668807323
1.931	0.762484064319
1.932	0.762299428368
1.933	0.762114899373
1.934	0.761930477234
1.935	0.761746161851
1.936	0.761561953125
1.937	0.761377850957
1.938	0.761193855248
1.939	0.761009965900
1.940	0.760826182814
1.941	0.760642505891
1.942	0.760458935033
1.943	0.760275470142
1.944	0.760092111120
1.945	0.759908857868
1.946	0.759725710288
1.947	0.759542668284
1.948	0.759359731757
1.949	0.759176900609
1.950	0.758994174744
1.951	0.758811554065
1.952	0.758629038473
1.953	0.758446627872
1.954	0.758264322165
1.955	0.758082121256
1.956	0.757900025047
1.957	0.757718033443
1.958	0.757536146346
1.959	0.757354363661
1.960	0.757172685291
1.961	0.756991111141
1.962	0.756809641114
1.963	0.756628275114
1.964	0.756447013047
1.965	0.756265854816
1.966	0.756084800326
1.967	0.755903849481
1.968	0.755723002187
1.969	0.755542258349
1.970	0.755361617871
1.971	0.755181080659
1.972	0.755000646618
1.973	0.754820315653
1.974	0.754640087670
1.975	0.754459962575
1.976	0.754279940273
1.977	0.754100020671
1.978	0.753920203673
1.979	0.753740489188
1.980	0.753560877120
1.981	0.753381367376
1.982	0.753201959862
1.983	0.753022654486
1.984	0.752843451154
1.985	0.752664349772
1.986	0.752485350249
1.987	0.752306452490
1.988	0.752127656402
1.989	0.751948961895
1.990	0.751770368874
1.991	0.751591877247
1.992	0.751413486922
1.993	0.751235197807
1.994	0.751057009809
1.995	0.750878922837
1.996	0.750700936799
1.997	0.750523051603
1.998	0.750345267157
1.999	0.750167583370
2.000	0.749990000150
