0.000	1.644933066849
0.001	1.643732091233
0.002	1.642533274056
0.003	1.641336609133
0.004	1.640142090304
0.005	1.638949711430
0.006	1.637759466400
0.007	1.636571349125
0.008	1.635385353538
0.009	1.634201473598
0.010	1.633019703286
0.011	1.631840036609
0.012	1.630662467593
0.013	1.629486990291
0.014	1.628313598776
0.015	1.627142287146
0.016	1.625973049522
0.017	1.624805880045
0.018	1.623640772882
0.019	1.622477722219
0.020	1.621316722268
0.021	1.620157767261
0.022	1.619000851451
0.023	1.617845969116
0.024	1.616693114555
0.025	1.615542282086
0.026	1.614393466053
0.027	1.613246660820
0.028	1.612101860770
0.029	1.610959060311
0.030	1.609818253871
0.031	1.608679435898
0.032	1.607542600862
0.033	1.606407743255
0.034	1.605274857589
0.035	1.604143938396
0.036	1.603014980229
0.037	1.601887977663
0.038	1.600762925293
0.039	1.599639817733
0.040	1.598518649618
0.041	1.597399415604
0.042	1.596282110366
0.043	1.595166728601
0.044	1.594053265022
0.045	1.592941714366
0.046	1.591832071388
0.047	1.590724330861
0.048	1.589618487581
0.049	1.588514536361
0.050	1.587412472034
0.051	1.586312289452
0.052	1.585213983486
0.053	1.584117549027
0.054	1.583022980985
0.055	1.581930274288
0.056	1.580839423882
0.057	1.579750424735
0.058	1.578663271830
0.059	1.577577960171
0.060	1.576494484779
0.061	1.575412840694
0.062	1.574333022975
0.063	1.573255026698
0.064	1.572178846957
0.065	1.571104478866
0.066	1.570031917555
0.067	1.568961158172
0.068	1.567892195883
0.069	1.566825025873
0.070	1.565759643343
0.071	1.564696043513
0.072	1.563634221618
0.073	1.562574172913
0.074	1.561515892670
0.075	1.560459376176
0.076	1.559404618738
0.077	1.558351615678
0.078	1.557300362336
0.079	1.556250854068
0.080	1.555203086248
0.081	1.554157054267
0.082	1.553112753531
0.083	1.552070179463
0.084	1.551029327504
0.085	1.549990193110
0.086	1.548952771754
0.087	1.547917058925
0.088	1.546883050129
0.089	1.545850740887
0.090	1.544820126736
0.091	1.543791203231
0.092	1.542763965941
0.093	1.541738410451
0.094	1.540714532362
0.095	1.539692327293
0.096	1.538671790874
0.097	1.537652918754
0.098	1.536635706598
0.099	1.535620150083
0.100	1.534606244905
0.101	1.533593986773
0.102	1.532583371413
0.103	1.531574394564
0.104	1.530567051982
0.105	1.529561339437
0.106	1.528557252714
0.107	1.527554787614
0.108	1.526553939951
0.109	1.525554705556
0.110	1.524557080272
0.111	1.523561059959
0.112	1.522566640490
0.113	1.521573817754
0.114	1.520582587652
0.115	1.519592946103
0.116	1.518604889037
0.117	1.517618412400
0.118	1.516633512151
0.119	1.515650184264
0.120	1.514668424728
0.121	1.513688229543
0.122	1.512709594726
0.123	1.511732516306
0.124	1.510756990327
0.125	1.509783012846
0.126	1.508810579934
0.127	1.507839687675
0.128	1.506870332168
0.129	1.505902509524
0.130	1.504936215868
0.131	1.503971447338
0.132	1.503008200088
0.133	1.502046470280
0.134	1.501086254094
0.135	1.500127547722
0.136	1.499170347367
0.137	1.498214649247
0.138	1.497260449593
0.139	1.496307744649
0.140	1.495356530670
0.141	1.494406803927
0.142	1.493458560700
0.143	1.492511797285
0.144	1.491566509989
0.145	1.490622695132
0.146	1.489680349046
0.147	1.488739468076
0.148	1.487800048581
0.149	1.486862086929
0.150	1.485925579502
0.151	1.484990522696
0.152	1.484056912916
0.153	1.483124746582
0.154	1.482194020125
0.155	1.481264729987
0.156	1.480336872624
0.157	1.479410444502
0.158	1.478485442100
0.159	1.477561861910
0.160	1.476639700434
0.161	1.475718954185
0.162	1.474799619691
0.163	1.473881693489
0.164	1.472965172128
0.165	1.472050052169
0.166	1.471136330185
0.167	1.470224002759
0.168	1.469313066487
0.169	1.468403517976
0.170	1.467495353843
0.171	1.466588570717
0.172	1.465683165241
0.173	1.464779134064
0.174	1.463876473850
0.175	1.462975181272
0.176	1.462075253016
0.177	1.461176685778
0.178	1.460279476265
0.179	1.459383621194
0.180	1.458489117293
0.181	1.457595961303
0.182	1.456704149974
0.183	1.455813680066
0.184	1.454924548352
0.185	1.454036751613
0.186	1.453150286643
0.187	1.452265150244
0.188	1.451381339230
0.189	1.450498850427
0.190	1.449617680669
0.191	1.448737826800
0.192	1.447859285676
0.193	1.446982054164
0.194	1.446106129139
0.195	1.445231507486
0.196	1.444358186103
0.197	1.443486161897
0.198	1.442615431782
0.199	1.441745992687
0.200	1.440877841547
0.201	1.440010975310
0.202	1.439145390930
0.203	1.438281085376
0.204	1.437418055622
0.205	1.436556298655
0.206	1.435695811471
0.207	1.434836591074
0.208	1.433978634479
0.209	1.433121938712
0.210	1.432266500807
0.211	1.431412317807
0.212	1.430559386765
0.213	1.429707704745
0.214	1.428857268818
0.215	1.428008076067
0.216	1.427160123581
0.217	1.426313408462
0.218	1.425467927818
0.219	1.424623678769
0.220	1.423780658443
0.221	1.422938863976
0.222	1.422098292516
0.223	1.421258941217
0.224	1.420420807244
0.225	1.419583887770
0.226	1.418748179978
0.227	1.417913681059
0.228	1.417080388214
0.229	1.416248298651
0.230	1.415417409590
0.231	1.414587718255
0.232	1.413759221884
0.233	1.412931917721
0.234	1.412105803018
0.235	1.411280875037
0.236	1.410457131050
0.237	1.409634568333
0.238	1.408813184176
0.239	1.407992975874
0.240	1.407173940732
0.241	1.406356076063
0.242	1.405539379188
0.243	1.404723847436
0.244	1.403909478147
0.245	1.403096268667
0.246	1.402284216350
0.247	1.401473318560
0.248	1.400663572667
0.249	1.399854976052
0.250	1.399047526102
0.251	1.398241220212
0.252	1.397436055788
0.253	1.396632030240
0.254	1.395829140989
0.255	1.395027385462
0.256	1.394226761096
0.257	1.393427265335
0.258	1.392628895630
0.259	1.391831649441
0.260	1.391035524236
0.261	1.390240517490
0.262	1.389446626687
0.263	1.388653849316
0.264	1.387862182878
0.265	1.387071624878
0.266	1.386282172830
0.267	1.385493824256
0.268	1.384706576685
0.269	1.383920427654
0.270	1.383135374708
0.271	1.382351415398
0.272	1.381568547284
0.273	1.380786767932
0.274	1.380006074918
0.275	1.379226465822
0.276	1.378447938234
0.277	1.377670489750
0.278	1.376894117974
0.279	1.376118820518
0.280	1.375344594998
0.281	1.374571439042
0.282	1.373799350281
0.283	1.373028326355
0.284	1.372258364913
0.285	1.371489463607
0.286	1.370721620099
0.287	1.369954832058
0.288	1.369189097158
0.289	1.368424413083
0.290	1.367660777522
0.291	1.366898188171
0.292	1.366136642733
0.293	1.365376138919
0.294	1.364616674446
0.295	1.363858247038
0.296	1.363100854425
0.297	1.362344494345
0.298	1.361589164543
0.299	1.360834862770
0.300	1.360081586783
0.301	1.359329334347
0.302	1.358578103234
0.303	1.357827891221
0.304	1.357078696092
0.305	1.356330515640
0.306	1.355583347661
0.307	1.354837189960
0.308	1.354092040347
0.309	1.353347896640
0.310	1.352604756663
0.311	1.351862618246
0.312	1.351121479225
0.313	1.350381337444
0.314	1.349642190751
0.315	1.348904037004
0.316	1.348166874063
0.317	1.347430699797
0.318	1.346695512082
0.319	1.345961308797
0.320	1.345228087831
0.321	1.344495847076
0.322	1.343764584432
0.323	1.343034297805
0.324	1.342304985107
0.325	1.341576644256
0.326	1.340849273177
0.327	1.340122869799
0.328	1.339397432058
0.329	1.338672957898
0.330	1.337949445265
0.331	1.337226892116
0.332	1.336505296410
0.333	1.335784656113
0.334	1.335064969197
0.335	1.334346233641
0.336	1.333628447428
0.337	1.332911608549
0.338	1.332195714999
0.339	1.331480764779
0.340	1.330766755896
0.341	1.330053686365
0.342	1.329341554202
0.343	1.328630357434
0.344	1.327920094090
0.345	1.327210762206
0.346	1.326502359824
0.347	1.325794884990
0.348	1.325088335758
0.349	1.324382710187
0.350	1.323678006339
0.351	1.322974222285
0.352	1.322271356101
0.353	1.321569405866
0.354	1.320868369666
0.355	1.320168245594
0.356	1.319469031747
0.357	1.318770726227
0.358	1.318073327142
0.359	1.317376832605
0.360	1.316681240736
0.361	1.315986549658
0.362	1.315292757501
0.363	1.314599862399
0.364	1.313907862494
0.365	1.313216755930
0.366	1.312526540858
0.367	1.311837215434
0.368	1.311148777819
0.369	1.310461226179
0.370	1.309774558686
0.371	1.309088773518
0.372	1.308403868854
0.373	1.307719842884
0.374	1.307036693799
0.375	1.306354419796
0.376	1.305673019077
0.377	1.304992489850
0.378	1.304312830328
0.379	1.303634038728
0.380	1.302956113272
0.381	1.302279052188
0.382	1.301602853709
0.383	1.300927516072
0.384	1.300253037518
0.385	1.299579416297
0.386	1.298906650659
0.387	1.298234738862
0.388	1.297563679168
0.389	1.296893469843
0.390	1.296224109160
0.391	1.295555595395
0.392	1.294887926829
0.393	1.294221101748
0.394	1.293555118443
0.395	1.292889975209
0.396	1.292225670348
0.397	1.291562202163
0.398	1.290899568965
0.399	1.290237769068
0.400	1.289576800792
0.401	1.288916662459
0.402	1.288257352399
0.403	1.287598868944
0.404	1.286941210432
0.405	1.286284375205
0.406	1.285628361610
0.407	1.284973167998
0.408	1.284318792726
0.409	1.283665234152
0.410	1.283012490644
0.411	1.282360560569
0.412	1.281709442301
0.413	1.281059134220
0.414	1.280409634707
0.415	1.279760942151
0.416	1.279113054942
0.417	1.278465971476
0.418	1.277819690154
0.419	1.277174209381
0.420	1.276529527566
0.421	1.275885643122
0.422	1.275242554468
0.423	1.274600260024
0.424	1.273958758218
0.425	1.273318047481
0.426	1.272678126246
0.427	1.272038992954
0.428	1.271400646048
0.429	1.270763083975
0.430	1.270126305187
0.431	1.269490308141
0.432	1.268855091296
0.433	1.268220653116
0.434	1.267586992072
0.435	1.266954106634
0.436	1.266321995280
0.437	1.265690656491
0.438	1.265060088752
0.439	1.264430290551
0.440	1.263801260383
0.441	1.263172996743
0.442	1.262545498133
0.443	1.261918763059
0.444	1.261292790030
0.445	1.260667577559
0.446	1.260043124162
0.447	1.259419428363
0.448	1.258796488684
0.449	1.258174303656
0.450	1.257552871812
0.451	1.256932191688
0.452	1.256312261826
0.453	1.255693080769
0.454	1.255074647068
0.455	1.254456959273
0.456	1.253840015942
0.457	1.253223815634
0.458	1.252608356914
0.459	1.251993638349
0.460	1.251379658510
0.461	1.250766415974
0.462	1.250153909320
0.463	1.249542137129
0.464	1.248931097989
0.465	1.248320790491
0.466	1.247711213228
0.467	1.247102364797
0.468	1.246494243802
0.469	1.245886848846
0.470	1.245280178539
0.471	1.244674231493
0.472	1.244069006324
0.473	1.243464501652
0.474	1.242860716101
0.475	1.242257648297
0.476	1.241655296872
0.477	1.241053660459
0.478	1.240452737696
0.479	1.239852527224
0.480	1.239253027689
0.481	1.238654237739
0.482	1.238056156026
0.483	1.237458781205
0.484	1.236862111935
0.485	1.236266146880
0.486	1.235670884704
0.487	1.235076324077
0.488	1.234482463673
0.489	1.233889302167
0.490	1.233296838240
0.491	1.232705070574
0.492	1.232113997856
0.493	1.231523618776
0.494	1.230933932028
0.495	1.230344936309
0.496	1.229756630318
0.497	1.229169012759
0.498	1.228582082339
0.499	1.227995837769
0.500	1.227410277761
0.501	1.226825401033
0.502	1.226241206304
0.503	1.225657692299
0.504	1.225074857744
0.505	1.224492701368
0.506	1.223911221906
0.507	1.223330418094
0.508	1.222750288671
0.509	1.222170832380
0.510	1.221592047968
0.511	1.221013934184
0.512	1.220436489781
0.513	1.219859713514
0.514	1.219283604143
0.515	1.218708160429
0.516	1.218133381138
0.517	1.217559265038
0.518	1.216985810902
0.519	1.216413017502
0.520	1.215840883618
0.521	1.215269408031
0.522	1.214698589523
0.523	1.214128426883
0.524	1.213558918900
0.525	1.212990064369
0.526	1.212421862084
0.527	1.211854310846
0.528	1.211287409457
0.529	1.210721156722
0.530	1.210155551449
0.531	1.209590592451
0.532	1.209026278541
0.533	1.208462608537
0.534	1.207899581259
0.535	1.207337195531
0.536	1.206775450180
0.537	1.206214344033
0.538	1.205653875924
0.539	1.205094044687
0.540	1.204534849162
0.541	1.203976288188
0.542	1.203418360609
0.543	1.202861065273
0.544	1.202304401029
0.545	1.201748366730
0.546	1.201192961230
0.547	1.200638183389
0.548	1.200084032067
0.549	1.199530506128
0.550	1.198977604439
0.551	1.198425325870
0.552	1.197873669293
0.553	1.197322633584
0.554	1.196772217620
0.555	1.196222420282
0.556	1.195673240453
0.557	1.195124677021
0.558	1.194576728873
0.559	1.194029394903
0.560	1.193482674005
0.561	1.192936565075
0.562	1.192391067014
0.563	1.191846178725
0.564	1.191301899114
0.565	1.190758227088
0.566	1.190215161558
0.567	1.189672701438
0.568	1.189130845644
0.569	1.188589593095
0.570	1.188048942713
0.571	1.187508893422
0.572	1.186969444148
0.573	1.186430593821
0.574	1.185892341374
0.575	1.185354685740
0.576	1.184817625858
0.577	1.184281160667
0.578	1.183745289109
0.579	1.183210010131
0.580	1.182675322679
0.581	1.182141225704
0.582	1.181607718158
0.583	1.181074798998
0.584	1.180542467180
0.585	1.180010721665
0.586	1.179479561417
0.587	1.178948985401
0.588	1.178418992585
0.589	1.177889581938
0.590	1.177360752436
0.591	1.176832503052
0.592	1.176304832765
0.593	1.175777740555
0.594	1.175251225405
0.595	1.174725286301
0.596	1.174199922231
0.597	1.173675132184
0.598	1.173150915154
0.599	1.172627270135
0.600	1.172104196126
0.601	1.171581692126
0.602	1.171059757137
0.603	1.170538390165
0.604	1.170017590216
0.605	1.169497356301
0.606	1.168977687430
0.607	1.168458582619
0.608	1.167940040885
0.609	1.167422061245
0.610	1.166904642722
0.611	1.166387784339
0.612	1.165871485123
0.613	1.165355744102
0.614	1.164840560305
0.615	1.164325932768
0.616	1.163811860524
0.617	1.163298342612
0.618	1.162785378072
0.619	1.162272965945
0.620	1.161761105276
0.621	1.161249795112
0.622	1.160739034502
0.623	1.160228822498
0.624	1.159719158152
0.625	1.159210040521
0.626	1.158701468662
0.627	1.158193441637
0.628	1.157685958507
0.629	1.157179018337
0.630	1.156672620194
0.631	1.156166763147
0.632	1.155661446267
0.633	1.155156668629
0.634	1.154652429307
0.635	1.154148727380
0.636	1.153645561928
0.637	1.153142932032
0.638	1.152640836777
0.639	1.152139275250
0.640	1.151638246540
0.641	1.151137749736
0.642	1.150637783933
0.643	1.150138348225
0.644	1.149639441710
0.645	1.149141063486
0.646	1.148643212655
0.647	1.148145888320
0.648	1.147649089588
0.649	1.147152815566
0.650	1.146657065364
0.651	1.146161838093
0.652	1.145667132867
0.653	1.145172948803
0.654	1.144679285019
0.655	1.144186140634
0.656	1.143693514771
0.657	1.143201406554
0.658	1.142709815109
0.659	1.142218739565
0.660	1.141728179052
0.661	1.141238132701
0.662	1.140748599648
0.663	1.140259579028
0.664	1.139771069980
0.665	1.139283071645
0.666	1.138795583164
0.667	1.138308603682
0.668	1.137822132345
0.669	1.137336168301
0.670	1.136850710701
0.671	1.136365758696
0.672	1.135881311441
0.673	1.135397368091
0.674	1.134913927805
0.675	1.134430989743
0.676	1.133948553066
0.677	1.133466616938
0.678	1.132985180525
0.679	1.132504242995
0.680	1.132023803517
0.681	1.131543861261
0.682	1.131064415403
0.683	1.130585465116
0.684	1.130107009578
0.685	1.129629047968
0.686	1.129151579467
0.687	1.128674603257
0.688	1.128198118523
0.689	1.127722124451
0.690	1.127246620230
0.691	1.126771605050
0.692	1.126297078102
0.693	1.125823038581
0.694	1.125349485682
0.695	1.124876418603
0.696	1.124403836542
0.697	1.123931738701
0.698	1.123460124283
0.699	1.122988992493
0.700	1.122518342537
0.701	1.122048173623
0.702	1.121578484961
0.703	1.121109275764
0.704	1.120640545244
0.705	1.120172292618
0.706	1.119704517103
0.707	1.119237217917
0.708	1.118770394281
0.709	1.118304045418
0.710	1.117838170552
0.711	1.117372768908
0.712	1.116907839716
0.713	1.116443382203
0.714	1.115979395602
0.715	1.115515879144
0.716	1.115052832065
0.717	1.114590253602
0.718	1.114128142991
0.719	1.113666499473
0.720	1.113205322289
0.721	1.112744610683
0.722	1.112284363899
0.723	1.111824581183
0.724	1.111365261784
0.725	1.110906404952
0.726	1.110448009939
0.727	1.109990075996
0.728	1.109532602380
0.729	1.109075588347
0.730	1.108619033155
0.731	1.108162936063
0.732	1.107707296334
0.733	1.107252113230
0.734	1.106797386016
0.735	1.106343113959
0.736	1.105889296326
0.737	1.105435932388
0.738	1.104983021414
0.739	1.104530562679
0.740	1.104078555456
0.741	1.103626999021
0.742	1.103175892653
0.743	1.102725235631
0.744	1.102275027234
0.745	1.101825266747
0.746	1.101375953451
0.747	1.100927086635
0.748	1.100478665583
0.749	1.100030689585
0.750	1.099583157932
0.751	1.099136069915
0.752	1.098689424827
0.753	1.098243221964
0.754	1.097797460621
0.755	1.097352140097
0.756	1.096907259692
0.757	1.096462818705
0.758	1.096018816441
0.759	1.095575252203
0.760	1.095132125297
0.761	1.094689435030
0.762	1.094247180710
0.763	1.093805361648
0.764	1.093363977155
0.765	1.092923026545
0.766	1.092482509133
0.767	1.092042424233
0.768	1.091602771165
0.769	1.091163549246
0.770	1.090724757799
0.771	1.090286396144
0.772	1.089848463605
0.773	1.089410959508
0.774	1.088973883179
0.775	1.088537233945
0.776	1.088101011136
0.777	1.087665214084
0.778	1.087229842119
0.779	1.086794894577
0.780	1.086360370791
0.781	1.085926270099
0.782	1.085492591839
0.783	1.085059335350
0.784	1.084626499972
0.785	1.084194085049
0.786	1.083762089924
0.787	1.083330513942
0.788	1.082899356449
0.789	1.082468616793
0.790	1.082038294325
0.791	1.081608388393
0.792	1.081178898351
0.793	1.080749823553
0.794	1.080321163351
0.795	1.079892917104
0.796	1.079465084169
0.797	1.079037663905
0.798	1.078610655671
0.799	1.078184058830
0.800	1.077757872745
0.801	1.077332096780
0.802	1.076906730302
0.803	1.076481772676
0.804	1.076057223273
0.805	1.075633081460
0.806	1.075209346611
0.807	1.074786018097
0.808	1.074363095291
0.809	1.073940577570
0.810	1.073518464310
0.811	1.073096754888
0.812	1.072675448684
0.813	1.072254545078
0.814	1.071834043452
0.815	1.071413943188
0.816	1.070994243672
0.817	1.070574944289
0.818	1.070156044426
0.819	1.069737543471
0.820	1.069319440814
0.821	1.068901735845
0.822	1.068484427957
0.823	1.068067516542
0.824	1.067651000997
0.825	1.067234880716
0.826	1.066819155097
0.827	1.066403823538
0.828	1.065988885440
0.829	1.065574340202
0.830	1.065160187227
0.831	1.064746425920
0.832	1.064333055684
0.833	1.063920075925
0.834	1.063507486052
0.835	1.063095285471
0.836	1.062683473593
0.837	1.062272049830
0.838	1.061861013592
0.839	1.061450364294
0.840	1.061040101350
0.841	1.060630224176
0.842	1.060220732189
0.843	1.059811624807
0.844	1.059402901449
0.845	1.058994561538
0.846	1.058586604493
0.847	1.058179029739
0.848	1.057771836700
0.849	1.057365024800
0.850	1.056958593468
0.851	1.056552542130
0.852	1.056146870216
0.853	1.055741577156
0.854	1.055336662381
0.855	1.054932125324
0.856	1.054527965419
0.857	1.054124182100
0.858	1.053720774804
0.859	1.053317742968
0.860	1.052915086030
0.861	1.052512803430
0.862	1.052110894609
0.863	1.051709359008
0.864	1.051308196070
0.865	1.050907405240
0.866	1.050506985963
0.867	1.050106937686
0.868	1.049707259855
0.869	1.049307951919
0.870	1.048909013330
0.871	1.048510443536
0.872	1.048112241991
0.873	1.047714408148
0.874	1.047316941461
0.875	1.046919841385
0.876	1.046523107377
0.877	1.046126738895
0.878	1.045730735397
0.879	1.045335096344
0.880	1.044939821195
0.881	1.044544909414
0.882	1.044150360464
0.883	1.043756173808
0.884	1.043362348912
0.885	1.042968885243
0.886	1.042575782268
0.887	1.042183039456
0.888	1.041790656276
0.889	1.041398632198
0.890	1.041006966696
0.891	1.040615659241
0.892	1.040224709309
0.893	1.039834116372
0.894	1.039443879909
0.895	1.039053999396
0.896	1.038664474310
0.897	1.038275304133
0.898	1.037886488342
0.899	1.037498026421
0.900	1.037109917852
0.901	1.036722162117
0.902	1.036334758701
0.903	1.035947707091
0.904	1.035561006772
0.905	1.035174657231
0.906	1.034788657959
0.907	1.034403008444
0.908	1.034017708176
0.909	1.033632756649
0.910	1.033248153353
0.911	1.032863897784
0.912	1.032479989435
0.913	1.032096427803
0.914	1.031713212384
0.915	1.031330342676
0.916	1.030947818177
0.917	1.030565638389
0.918	1.030183802810
0.919	1.029802310944
0.920	1.029421162292
0.921	1.029040356359
0.922	1.028659892649
0.923	1.028279770668
0.924	1.027899989923
0.925	1.027520549921
0.926	1.027141450171
0.927	1.026762690183
0.928	1.026384269467
0.929	1.026006187535
0.930	1.025628443899
0.931	1.025251038073
0.932	1.024873969571
0.933	1.024497237909
0.934	1.024120842603
0.935	1.023744783171
0.936	1.023369059131
0.937	1.022993670001
0.938	1.022618615303
0.939	1.022243894557
0.940	1.021869507286
0.941	1.021495453013
0.942	1.021121731261
0.943	1.020748341555
0.944	1.020375283422
0.945	1.020002556387
0.946	1.019630159980
0.947	1.019258093728
0.948	1.018886357161
0.949	1.018514949809
0.950	1.018143871205
0.951	1.017773120879
0.952	1.017402698366
0.953	1.017032603200
0.954	1.016662834915
0.955	1.016293393048
0.956	1.015924277136
0.957	1.015555486716
0.958	1.015187021327
0.959	1.014818880508
0.960	1.014451063801
0.961	1.014083570746
0.962	1.013716400887
0.963	1.013349553765
0.964	1.012983028925
0.965	1.012616825912
0.966	1.012250944272
0.967	1.011885383551
0.968	1.011520143298
0.969	1.011155223061
0.970	1.010790622388
0.971	1.010426340830
0.972	1.010062377939
0.973	1.009698733267
0.974	1.009335406365
0.975	1.008972396788
0.976	1.008609704091
0.977	1.008247327828
0.978	1.007885267557
0.979	1.007523522834
0.980	1.007162093217
0.981	1.006800978265
0.982	1.006440177538
0.983	1.006079690597
0.984	1.005719517002
0.985	1.005359656316
0.986	1.005000108102
0.987	1.004640871925
0.988	1.004281947348
0.989	1.003923333938
0.990	1.003565031260
0.991	1.003207038883
0.992	1.002849356374
0.993	1.002491983302
0.994	1.002134919237
0.995	1.001778163749
0.996	1.001421716411
0.997	1.001065576793
0.998	1.000709744469
0.999	1.000354219014
1.000	0.999999000001
1.001	0.999644087006
1.002	0.999289479606
1.003	0.998935177377
1.004	0.998581179898
1.005	0.998227486746
1.006	0.997874097503
1.007	0.997521011747
1.008	0.997168229060
1.009	0.996815749025
1.010	0.996463571223
1.011	0.996111695238
1.012	0.995760120654
1.013	0.995408847058
1.014	0.995057874033
1.015	0.994707201168
1.016	0.994356828049
1.017	0.994006754264
1.018	0.993656979403
1.019	0.993307503056
1.020	0.992958324813
1.021	0.992609444265
1.022	0.992260861004
1.023	0.991912574624
1.024	0.991564584717
1.025	0.991216890879
1.026	0.990869492704
1.027	0.990522389788
1.028	0.990175581729
1.029	0.989829068122
1.030	0.989482848568
1.031	0.989136922664
1.032	0.988791290010
1.033	0.988445950207
1.034	0.988100902857
1.035	0.987756147560
1.036	0.987411683919
1.037	0.987067511539
1.038	0.986723630023
1.039	0.986380038976
1.040	0.986036738004
1.041	0.985693726713
1.042	0.985351004711
1.043	0.985008571605
1.044	0.984666427004
1.045	0.984324570517
1.046	0.983983001755
1.047	0.983641720327
1.048	0.983300725847
1.049	0.982960017925
1.050	0.982619596175
1.051	0.982279460211
1.052	0.981939609646
1.053	0.981600044097
1.054	0.981260763178
1.055	0.980921766507
1.056	0.980583053701
1.057	0.980244624377
1.058	0.979906478155
1.059	0.979568614654
1.060	0.979231033493
1.061	0.978893734294
1.062	0.978556716679
1.063	0.978219980269
1.064	0.977883524687
1.065	0.977547349556
1.066	0.977211454502
1.067	0.976875839150
1.068	0.976540503124
1.069	0.976205446051
1.070	0.975870667558
1.071	0.975536167274
1.072	0.975201944826
1.073	0.974867999843
1.074	0.974534331956
1.075	0.974200940794
1.076	0.973867825990
1.077	0.973534987174
1.078	0.973202423980
1.079	0.972870136040
1.080	0.972538122988
1.081	0.972206384459
1.082	0.971874920088
1.083	0.971543729511
1.084	0.971212812365
1.085	0.970882168286
1.086	0.970551796913
1.087	0.970221697884
1.088	0.969891870838
1.089	0.969562315414
1.090	0.969233031255
1.091	0.968904018000
1.092	0.968575275292
1.093	0.968246802772
1.094	0.967918600085
1.095	0.967590666873
1.096	0.967263002782
1.097	0.966935607456
1.098	0.966608480541
1.099	0.966281621683
1.100	0.965955030530
1.101	0.965628706728
1.102	0.965302649927
1.103	0.964976859774
1.104	0.964651335921
1.105	0.964326078016
1.106	0.964001085711
1.107	0.963676358657
1.108	0.963351896506
1.109	0.963027698910
1.110	0.962703765524
1.111	0.962380096001
1.112	0.962056689996
1.113	0.961733547164
1.114	0.961410667160
1.115	0.961088049641
1.116	0.960765694265
1.117	0.960443600688
1.118	0.960121768570
1.119	0.959800197569
1.120	0.959478887344
1.121	0.959157837556
1.122	0.958837047866
1.123	0.958516517934
1.124	0.958196247424
1.125	0.957876235996
1.126	0.957556483315
1.127	0.957236989045
1.128	0.956917752849
1.129	0.956598774393
1.130	0.956280053342
1.131	0.955961589362
1.132	0.955643382121
1.133	0.955325431285
1.134	0.955007736523
1.135	0.954690297503
1.136	0.954373113894
1.137	0.954056185366
1.138	0.953739511590
1.139	0.953423092235
1.140	0.953106926975
1.141	0.952791015480
1.142	0.952475357423
1.143	0.952159952479
1.144	0.951844800319
1.145	0.951529900620
1.146	0.951215253056
1.147	0.950900857302
1.148	0.950586713035
1.149	0.950272819931
1.150	0.949959177668
1.151	0.949645785923
1.152	0.949332644375
1.153	0.949019752703
1.154	0.948707110587
1.155	0.948394717706
1.156	0.948082573741
1.157	0.947770678374
1.158	0.947459031286
1.159	0.947147632160
1.160	0.946836480679
1.161	0.946525576526
1.162	0.946214919385
1.163	0.945904508941
1.164	0.945594344879
1.165	0.945284426885
1.166	0.944974754645
1.167	0.944665327846
1.168	0.944356146175
1.169	0.944047209320
1.170	0.943738516970
1.171	0.943430068814
1.172	0.943121864541
1.173	0.942813903841
1.174	0.942506186405
1.175	0.942198711924
1.176	0.941891480091
1.177	0.941584490596
1.178	0.941277743133
1.179	0.940971237396
1.180	0.940664973078
1.181	0.940358949874
1.182	0.940053167479
1.183	0.939747625587
1.184	0.939442323896
1.185	0.939137262101
1.186	0.938832439900
1.187	0.938527856990
1.188	0.938223513070
1.189	0.937919407838
1.190	0.937615540993
1.191	0.937311912235
1.192	0.937008521265
1.193	0.936705367782
1.194	0.936402451489
1.195	0.936099772086
1.196	0.935797329277
1.197	0.935495122764
1.198	0.935193152250
1.199	0.934891417440
1.200	0.934589918037
1.201	0.934288653746
1.202	0.933987624274
1.203	0.933686829325
1.204	0.933386268606
1.205	0.933085941824
1.206	0.932785848686
1.207	0.932485988901
1.208	0.932186362177
1.209	0.931886968222
1.210	0.931587806746
1.211	0.931288877459
1.212	0.930990180071
1.213	0.930691714294
1.214	0.930393479838
1.215	0.930095476416
1.216	0.929797703740
1.217	0.929500161522
1.218	0.929202849477
1.219	0.928905767318
1.220	0.928608914759
1.221	0.928312291516
1.222	0.928015897303
1.223	0.927719731837
1.224	0.927423794833
1.225	0.927128086010
1.226	0.926832605083
1.227	0.926537351770
1.228	0.926242325791
1.229	0.925947526863
1.230	0.925652954706
1.231	0.925358609039
1.232	0.925064489583
1.233	0.924770596059
1.234	0.924476928187
1.235	0.924183485689
1.236	0.923890268286
1.237	0.923597275703
1.238	0.923304507661
1.239	0.923011963885
1.240	0.922719644097
1.241	0.922427548023
1.242	0.922135675387
1.243	0.921844025915
1.244	0.921552599332
1.245	0.921261395366
1.246	0.920970413741
1.247	0.920679654187
1.248	0.920389116430
1.249	0.920098800199
1.250	0.919808705221
1.251	0.919518831227
1.252	0.919229177946
1.253	0.918939745107
1.254	0.918650532441
1.255	0.918361539680
1.256	0.918072766553
1.257	0.917784212794
1.258	0.917495878134
1.259	0.917207762306
1.260	0.916919865042
1.261	0.916632186078
1.262	0.916344725146
1.263	0.916057481982
1.264	0.915770456319
1.265	0.915483647894
1.266	0.915197056442
1.267	0.914910681700
1.268	0.914624523404
1.269	0.914338581291
1.270	0.914052855099
1.271	0.913767344566
1.272	0.913482049430
1.273	0.913196969431
1.274	0.912912104307
1.275	0.912627453798
1.276	0.912343017645
1.277	0.912058795588
1.278	0.911774787368
1.279	0.911490992727
1.280	0.911207411407
1.281	0.910924043149
1.282	0.910640887698
1.283	0.910357944795
1.284	0.910075214185
1.285	0.909792695611
1.286	0.909510388819
1.287	0.909228293553
1.288	0.908946409558
1.289	0.908664736580
1.290	0.908383274366
1.291	0.908102022662
1.292	0.907820981214
1.293	0.907540149771
1.294	0.907259528081
1.295	0.906979115890
1.296	0.906698912950
1.297	0.906418919007
1.298	0.906139133812
1.299	0.905859557116
1.300	0.905580188667
1.301	0.905301028217
1.302	0.905022075518
1.303	0.904743330320
1.304	0.904464792375
1.305	0.904186461437
1.306	0.903908337258
1.307	0.903630419591
1.308	0.903352708190
1.309	0.903075202808
1.310	0.902797903201
1.311	0.902520809122
1.312	0.902243920328
1.313	0.901967236574
1.314	0.901690757616
1.315	0.901414483210
1.316	0.901138413114
1.317	0.900862547084
1.318	0.900586884878
1.319	0.900311426255
1.320	0.900036170972
1.321	0.899761118788
1.322	0.899486269463
1.323	0.899211622757
1.324	0.898937178429
1.325	0.898662936239
1.326	0.898388895949
1.327	0.898115057319
1.328	0.897841420112
1.329	0.897567984089
1.330	0.897294749013
1.331	0.897021714646
1.332	0.896748880751
1.333	0.896476247092
1.334	0.896203813433
1.335	0.895931579538
1.336	0.895659545172
1.337	0.895387710099
1.338	0.895116074086
1.339	0.894844636897
1.340	0.894573398300
1.341	0.894302358061
1.342	0.894031515946
1.343	0.893760871724
1.344	0.893490425161
1.345	0.893220176025
1.346	0.892950124086
1.347	0.892680269112
1.348	0.892410610873
1.349	0.892141149137
1.350	0.891871883675
1.351	0.891602814256
1.352	0.891333940653
1.353	0.891065262635
1.354	0.890796779975
1.355	0.890528492444
1.356	0.890260399813
1.357	0.889992501857
1.358	0.889724798347
1.359	0.889457289056
1.360	0.889189973760
1.361	0.888922852230
1.362	0.888655924243
1.363	0.888389189572
1.364	0.888122647992
1.365	0.887856299279
1.366	0.887590143210
1.367	0.887324179559
1.368	0.887058408103
1.369	0.886792828620
1.370	0.886527440887
1.371	0.886262244680
1.372	0.885997239779
1.373	0.885732425960
1.374	0.885467803004
1.375	0.885203370689
1.376	0.884939128794
1.377	0.884675077099
1.378	0.884411215385
1.379	0.884147543430
1.380	0.883884061018
1.381	0.883620767927
1.382	0.883357663940
1.383	0.883094748839
1.384	0.882832022406
1.385	0.882569484423
1.386	0.882307134673
1.387	0.882044972939
1.388	0.881782999005
1.389	0.881521212655
1.390	0.881259613673
1.391	0.880998201843
1.392	0.880736976951
1.393	0.880475938782
1.394	0.880215087120
1.395	0.879954421753
1.396	0.879693942466
1.397	0.879433649046
1.398	0.879173541280
1.399	0.878913618956
1.400	0.878653881860
1.401	0.878394329781
1.402	0.878134962507
1.403	0.877875779827
1.404	0.877616781529
1.405	0.877357967403
1.406	0.877099337239
1.407	0.876840890826
1.408	0.876582627955
1.409	0.876324548416
1.410	0.876066652001
1.411	0.875808938500
1.412	0.875551407705
1.413	0.875294059409
1.414	0.875036893402
1.415	0.874779909479
1.416	0.874523107431
1.417	0.874266487052
1.418	0.874010048136
1.419	0.873753790477
1.420	0.873497713868
1.421	0.873241818104
1.422	0.872986102979
1.423	0.872730568291
1.424	0.872475213832
1.425	0.872220039400
1.426	0.871965044791
1.427	0.871710229801
1.428	0.871455594226
1.429	0.871201137864
1.430	0.870946860512
1.431	0.870692761968
1.432	0.870438842030
1.433	0.870185100497
1.434	0.869931537166
1.435	0.869678151837
1.436	0.869424944309
1.437	0.869171914381
1.438	0.868919061855
1.439	0.868666386529
1.440	0.868413888204
1.441	0.868161566682
1.442	0.867909421763
1.443	0.867657453248
1.444	0.867405660940
1.445	0.867154044641
1.446	0.866902604153
1.447	0.866651339278
1.448	0.866400249819
1.449	0.866149335581
1.450	0.865898596366
1.451	0.865648031978
1.452	0.865397642222
1.453	0.865147426902
1.454	0.864897385823
1.455	0.864647518789
1.456	0.864397825607
1.457	0.864148306082
1.458	0.863898960020
1.459	0.863649787227
1.460	0.863400787511
1.461	0.863151960677
1.462	0.862903306533
1.463	0.862654824886
1.464	0.862406515545
1.465	0.862158378317
1.466	0.861910413011
1.467	0.861662619436
1.468	0.861414997399
1.469	0.861167546712
1.470	0.860920267182
1.471	0.860673158621
1.472	0.860426220838
1.473	0.860179453643
1.474	0.859932856848
1.475	0.859686430263
1.476	0.859440173699
1.477	0.859194086969
1.478	0.858948169884
1.479	0.858702422256
1.480	0.858456843897
1.481	0.858211434621
1.482	0.857966194240
1.483	0.857721122568
1.484	0.857476219419
1.485	0.857231484605
1.486	0.856986917942
1.487	0.856742519243
1.488	0.856498288324
1.489	0.856254225000
1.490	0.856010329085
1.491	0.855766600395
1.492	0.855523038747
1.493	0.855279643955
1.494	0.855036415838
1.495	0.854793354210
1.496	0.854550458890
1.497	0.854307729695
1.498	0.854065166442
1.499	0.853822768948
1.500	0.853580537032
1.501	0.853338470513
1.502	0.853096569208
1.503	0.852854832938
1.504	0.852613261520
1.505	0.852371854774
1.506	0.852130612521
1.507	0.851889534579
1.508	0.851648620770
1.509	0.851407870914
1.510	0.851167284831
1.511	0.850926862343
1.512	0.850686603271
1.513	0.850446507436
1.514	0.850206574661
1.515	0.849966804768
1.516	0.849727197578
1.517	0.849487752916
1.518	0.849248470603
1.519	0.849009350463
1.520	0.848770392319
1.521	0.848531595995
1.522	0.848292961316
1.523	0.848054488105
1.524	0.847816176186
1.525	0.847578025386
1.526	0.847340035528
1.527	0.847102206438
1.528	0.846864537942
1.529	0.846627029865
1.530	0.846389682034
1.531	0.846152494274
1.532	0.845915466414
1.533	0.845678598278
1.534	0.845441889696
1.535	0.845205340493
1.536	0.844968950498
1.537	0.844732719538
1.538	0.844496647442
1.539	0.844260734038
1.540	0.844024979155
1.541	0.843789382622
1.542	0.843553944268
1.543	0.843318663922
1.544	0.843083541414
1.545	0.842848576575
1.546	0.842613769233
1.547	0.842379119220
1.548	0.842144626367
1.549	0.841910290503
1.550	0.841676111462
1.551	0.841442089073
1.552	0.841208223169
1.553	0.840974513582
1.554	0.840740960144
1.555	0.840507562687
1.556	0.840274321044
1.557	0.840041235048
1.558	0.839808304532
1.559	0.839575529330
1.560	0.839342909275
1.561	0.839110444202
1.562	0.838878133944
1.563	0.838645978336
1.564	0.838413977212
1.565	0.838182130408
1.566	0.837950437759
1.567	0.837718899099
1.568	0.837487514265
1.569	0.837256283093
1.570	0.837025205419
1.571	0.836794281078
1.572	0.836563509908
1.573	0.836332891746
1.574	0.836102426428
1.575	0.835872113792
1.576	0.835641953676
1.577	0.835411945917
1.578	0.835182090353
1.579	0.834952386823
1.580	0.834722835165
1.581	0.834493435218
1.582	0.834264186820
1.583	0.834035089812
1.584	0.833806144033
1.585	0.833577349321
1.586	0.833348705518
1.587	0.833120212463
1.588	0.832891869997
1.589	0.832663677961
1.590	0.832435636194
1.591	0.832207744539
1.592	0.831980002837
1.593	0.831752410928
1.594	0.831524968656
1.595	0.831297675862
1.596	0.831070532388
1.597	0.830843538077
1.598	0.830616692771
1.599	0.830389996314
1.600	0.830163448548
1.601	0.829937049317
1.602	0.829710798465
1.603	0.829484695836
1.604	0.829258741272
1.605	0.829032934620
1.606	0.828807275723
1.607	0.828581764426
1.608	0.828356400574
1.609	0.828131184012
1.610	0.827906114587
1.611	0.827681192142
1.612	0.827456416525
1.613	0.827231787581
1.614	0.827007305156
1.615	0.826782969098
1.616	0.826558779253
1.617	0.826334735468
1.618	0.826110837589
1.619	0.825887085466
1.620	0.825663478944
1.621	0.825440017873
1.622	0.825216702100
1.623	0.824993531473
1.624	0.824770505841
1.625	0.824547625053
1.626	0.824324888958
1.627	0.824102297405
1.628	0.823879850242
1.629	0.823657547321
1.630	0.823435388490
1.631	0.823213373600
1.632	0.822991502501
1.633	0.822769775044
1.634	0.822548191078
1.635	0.822326750456
1.636	0.822105453027
1.637	0.821884298645
1.638	0.821663287159
1.639	0.821442418422
1.640	0.821221692285
1.641	0.821001108602
1.642	0.820780667224
1.643	0.820560368004
1.644	0.820340210794
1.645	0.820120195448
1.646	0.819900321819
1.647	0.819680589761
1.648	0.819460999126
1.649	0.819241549769
1.650	0.819022241545
1.651	0.818803074306
1.652	0.818584047908
1.653	0.818365162206
1.654	0.818146417054
1.655	0.817927812307
1.656	0.817709347821
1.657	0.817491023451
1.658	0.817272839053
1.659	0.817054794483
1.660	0.816836889596
1.661	0.816619124250
1.662	0.816401498301
1.663	0.816184011606
1.664	0.815966664021
1.665	0.815749455403
1.666	0.815532385611
1.667	0.815315454501
1.668	0.815098661931
1.669	0.814882007760
1.670	0.814665491845
1.671	0.814449114044
1.672	0.814232874218
1.673	0.814016772223
1.674	0.813800807919
1.675	0.813584981165
1.676	0.813369291821
1.677	0.813153739746
1.678	0.812938324799
1.679	0.812723046842
1.680	0.812507905733
1.681	0.812292901333
1.682	0.812078033503
1.683	0.811863302104
1.684	0.811648706996
1.685	0.811434248041
1.686	0.811219925099
1.687	0.811005738033
1.688	0.810791686704
1.689	0.810577770974
1.690	0.810363990705
1.691	0.810150345760
1.692	0.809936836000
1.693	0.809723461289
1.694	0.809510221489
1.695	0.809297116463
1.696	0.809084146076
1.697	0.808871310189
1.698	0.808658608667
1.699	0.808446041374
1.700	0.808233608174
1.701	0.808021308930
1.702	0.807809143507
1.703	0.807597111770
1.704	0.807385213584
1.705	0.807173448814
1.706	0.806961817324
1.707	0.806750318980
1.708	0.806538953647
1.709	0.806327721192
1.710	0.806116621480
1.711	0.805905654377
1.712	0.805694819750
1.713	0.805484117465
1.714	0.805273547388
1.715	0.805063109387
1.716	0.804852803328
1.717	0.804642629079
1.718	0.804432586507
1.719	0.804222675480
1.720	0.804012895865
1.721	0.803803247530
1.722	0.803593730344
1.723	0.803384344174
1.724	0.803175088890
1.725	0.802965964359
1.726	0.802756970451
1.727	0.802548107035
1.728	0.802339373980
1.729	0.802130771156
1.730	0.801922298431
1.731	0.801713955676
1.732	0.801505742760
1.733	0.801297659555
1.734	0.801089705929
1.735	0.800881881754
1.736	0.800674186899
1.737	0.800466621237
1.738	0.800259184638
1.739	0.800051876973
1.740	0.799844698113
1.741	0.799637647931
1.742	0.799430726297
1.743	0.799223933084
1.744	0.799017268163
1.745	0.798810731408
1.746	0.798604322690
1.747	0.798398041882
1.748	0.798191888856
1.749	0.797985863486
1.750	0.797779965645
1.751	0.797574195206
1.752	0.797368552043
1.753	0.797163036029
1.754	0.796957647038
1.755	0.796752384943
1.756	0.796547249620
1.757	0.796342240943
1.758	0.796137358785
1.759	0.795932603022
1.760	0.795727973528
1.761	0.795523470179
1.762	0.795319092849
1.763	0.795114841415
1.764	0.794910715751
1.765	0.794706715733
1.766	0.794502841238
1.767	0.794299092140
1.768	0.794095468317
1.769	0.793891969645
1.770	0.793688596000
1.771	0.793485347258
1.772	0.793282223298
1.773	0.793079223995
1.774	0.792876349228
1.775	0.792673598873
1.776	0.792470972808
1.777	0.792268470911
1.778	0.792066093059
1.779	0.791863839131
1.780	0.791661709004
1.781	0.791459702558
1.782	0.791257819671
1.783	0.791056060221
1.784	0.790854424087
1.785	0.790652911149
1.786	0.790451521285
1.787	0.790250254375
1.788	0.790049110299
1.789	0.789848088935
1.790	0.789647190165
1.791	0.789446413867
1.792	0.789245759923
1.793	0.789045228212
1.794	0.788844818615
1.795	0.788644531012
1.796	0.788444365285
1.797	0.788244321314
1.798	0.788044398981
1.799	0.787844598166
1.800	0.787644918752
1.801	0.787445360619
1.802	0.787245923651
1.803	0.787046607727
1.804	0.786847412732
1.805	0.786648338546
1.806	0.786449385053
1.807	0.786250552134
1.808	0.786051839674
1.809	0.785853247553
1.810	0.785654775656
1.811	0.785456423866
1.812	0.785258192066
1.813	0.785060080140
1.814	0.784862087971
1.815	0.784664215443
1.816	0.784466462439
1.817	0.784268828846
1.818	0.784071314545
1.819	0.783873919422
1.820	0.783676643362
1.821	0.783479486250
1.822	0.783282447969
1.823	0.783085528405
1.824	0.782888727444
1.825	0.782692044971
1.826	0.782495480871
1.827	0.782299035030
1.828	0.782102707334
1.829	0.781906497668
1.830	0.781710405919
1.831	0.781514431974
1.832	0.781318575718
1.833	0.781122837038
1.834	0.780927215821
1.835	0.780731711954
1.836	0.780536325324
1.837	0.780341055817
1.838	0.780145903322
1.839	0.779950867726
1.840	0.779755948916
1.841	0.779561146780
1.842	0.779366461207
1.843	0.779171892083
1.844	0.778977439298
1.845	0.778783102740
1.846	0.778588882297
1.847	0.778394777858
1.848	0.778200789312
1.849	0.778006916548
1.850	0.777813159454
1.851	0.777619517921
1.852	0.777425991837
1.853	0.777232581092
1.854	0.777039285576
1.855	0.776846105178
1.856	0.776653039789
1.857	0.776460089299
1.858	0.776267253598
1.859	0.776074532576
1.860	0.775881926124
1.861	0.775689434132
1.862	0.775497056493
1.863	0.775304793095
1.864	0.775112643832
1.865	0.774920608593
1.866	0.774728687270
1.867	0.774536879756
1.868	0.774345185941
1.869	0.774153605717
1.870	0.773962138977
1.871	0.773770785613
1.872	0.773579545516
1.873	0.773388418580
1.874	0.773197404696
1.875	0.773006503758
1.876	0.772815715659
1.877	0.772625040291
1.878	0.772434477547
1.879	0.772244027321
1.880	0.772053689506
1.881	0.771863463995
1.882	0.771673350683
1.883	0.771483349464
1.884	0.771293460230
1.885	0.771103682876
1.886	0.770914017297
1.887	0.770724463387
1.888	0.770535021040
1.889	0.770345690151
1.890	0.770156470615
1.891	0.769967362326
1.892	0.769778365180
1.893	0.769589479072
1.894	0.769400703897
1.895	0.769212039551
1.896	0.769023485929
1.897	0.768835042927
1.898	0.768646710441
1.899	0.768458488367
1.900	0.768270376601
1.901	0.768082375039
1.902	0.767894483578
1.903	0.767706702115
1.904	0.767519030545
1.905	0.767331468766
1.906	0.767144016674
1.907	0.766956674168
1.908	0.766769441143
1.909	0.766582317498
1.910	0.766395303129
1.911	0.766208397935
1.912	0.766021601814
1.913	0.765834914662
1.914	0.765648336378
1.915	0.765461866861
1.916	0.765275506008
1.917	0.765089253718
1.918	0.764903109889
1.919	0.764717074420
1.920	0.764531147210
1.921	0.764345328158
1.922	0.764159617163
1.923	0.763974014124
1.924	0.763788518940
1.925	0.763603131511
1.926	0.763417851737
1.927	0.763232679516
1.928	0.763047614750
1.929	0.762862657337
1.930	0.762677807178
1.931	0.762493064173
1.932	0.762308428223
1.933	0.762123899228
1.934	0.761939477089
1.935	0.761755161705
1.936	0.761570952979
1.937	0.761386850812
1.938	0.761202855103
1.939	0.761018965755
1.940	0.760835182669
1.941	0.760651505746
1.942	0.760467934888
1.943	0.760284469996
1.944	0.760101110974
1.945	0.759917857722
1.946	0.759734710142
1.947	0.759551668138
1.948	0.759368731611
1.949	0.759185900463
1.950	0.759003174598
1.951	0.758820553919
1.952	0.758638038327
1.953	0.758455627726
1.954	0.758273322019
1.955	0.758091121110
1.956	0.757909024901
1.957	0.757727033297
1.958	0.757545146200
1.959	0.757363363515
1.960	0.757181685145
1.961	0.757000110994
1.962	0.756818640967
1.963	0.756637274968
1.964	0.756456012900
1.965	0.756274854669
1.966	0.756093800179
1.967	0.755912849334
1.968	0.755732002040
1.969	0.755551258202
1.970	0.755370617724
1.971	0.755190080512
1.972	0.755009646471
1.973	0.754829315506
1.974	0.754649087523
1.975	0.754468962428
1.976	0.754288940126
1.977	0.754109020523
1.978	0.753929203526
1.979	0.753749489040
1.980	0.753569876972
1.981	0.753390367228
1.982	0.753210959715
1.983	0.753031654339
1.984	0.752852451006
1.985	0.752673349625
1.986	0.752494350101
1.987	0.752315452342
1.988	0.752136656255
1.989	0.751957961747
1.990	0.751779368726
1.991	0.751600877099
1.992	0.751422486774
1.993	0.751244197659
1.994	0.751066009661
1.995	0.750887922689
1.996	0.750709936651
1.997	0.750532051455
1.998	0.750354267009
1.999	0.750176583221
2.000	0.749999000002
