0.000	1.644933966847
0.001	1.643732991231
0.002	1.642534174055
0.003	1.641337509132
0.004	1.640142990302
0.005	1.638950611429
0.006	1.637760366399
0.007	1.636572249123
0.008	1.635386253536
0.009	1.634202373596
0.010	1.633020603285
0.011	1.631840936607
0.012	1.630663367591
0.013	1.629487890289
0.014	1.628314498774
0.015	1.627143187145
0.016	1.625973949520
0.017	1.624806780044
0.018	1.623641672880
0.019	1.622478622218
0.020	1.621317622267
0.021	1.620158667259
0.022	1.619001751450
0.023	1.617846869115
0.024	1.616694014553
0.025	1.615543182085
0.026	1.614394366052
0.027	1.613247560818
0.028	1.612102760769
0.029	1.610959960310
0.030	1.609819153869
0.031	1.608680335896
0.032	1.607543500860
0.033	1.606408643253
0.034	1.605275757587
0.035	1.604144838394
0.036	1.603015880228
0.037	1.601888877662
0.038	1.600763825292
0.039	1.599640717731
0.040	1.598519549617
0.041	1.597400315603
0.042	1.596283010365
0.043	1.595167628599
0.044	1.594054165021
0.045	1.592942614365
0.046	1.591832971386
0.047	1.590725230860
0.048	1.589619387580
0.049	1.588515436359
0.050	1.587413372032
0.051	1.586313189450
0.052	1.585214883484
0.053	1.584118449026
0.054	1.583023880983
0.055	1.581931174286
0.056	1.580840323881
0.057	1.579751324733
0.058	1.578664171829
0.059	1.577578860169
0.060	1.576495384777
0.061	1.575413740693
0.062	1.574333922974
0.063	1.573255926697
0.064	1.572179746956
0.065	1.571105378865
0.066	1.570032817553
0.067	1.568962058170
0.068	1.567893095881
0.069	1.566825925871
0.070	1.565760543342
0.071	1.564696943511
0.072	1.563635121616
0.073	1.562575072912
0.074	1.561516792668
0.075	1.560460276175
0.076	1.559405518736
0.077	1.558352515676
0.078	1.557301262334
0.079	1.556251754066
0.080	1.555203986247
0.081	1.554157954265
0.082	1.553113653529
0.083	1.552071079461
0.084	1.551030227502
0.085	1.549991093108
0.086	1.548953671752
0.087	1.547917958924
0.088	1.546883950127
0.089	1.545851640885
0.090	1.544821026735
0.091	1.543792103229
0.092	1.542764865939
0.093	1.541739310449
0.094	1.540715432361
0.095	1.539693227291
0.096	1.538672690872
0.097	1.537653818753
0.098	1.536636606596
0.099	1.535621050082
0.100	1.534607144904
0.101	1.533594886772
0.102	1.532584271411
0.103	1.531575294563
0.104	1.530567951980
0.105	1.529562239435
0.106	1.528558152713
0.107	1.527555687612
0.108	1.526554839950
0.109	1.525555605554
0.110	1.524557980270
0.111	1.523561959957
0.112	1.522567540488
0.113	1.521574717752
0.114	1.520583487651
0.115	1.519593846102
0.116	1.518605789035
0.117	1.517619312398
0.118	1.516634412149
0.119	1.515651084263
0.120	1.514669324726
0.121	1.513689129541
0.122	1.512710494724
0.123	1.511733416304
0.124	1.510757890325
0.125	1.509783912844
0.126	1.508811479932
0.127	1.507840587674
0.128	1.506871232166
0.129	1.505903409522
0.130	1.504937115866
0.131	1.503972347337
0.132	1.503009100086
0.133	1.502047370278
0.134	1.501087154093
0.135	1.500128447720
0.136	1.499171247365
0.137	1.498215549246
0.138	1.497261349592
0.139	1.496308644647
0.140	1.495357430669
0.141	1.494407703925
0.142	1.493459460699
0.143	1.492512697284
0.144	1.491567409987
0.145	1.490623595130
0.146	1.489681249044
0.147	1.488740368075
0.148	1.487800948579
0.149	1.486862986927
0.150	1.485926479501
0.151	1.484991422694
0.152	1.484057812915
0.153	1.483125646581
0.154	1.482194920123
0.155	1.481265629985
0.156	1.480337772622
0.157	1.479411344500
0.158	1.478486342099
0.159	1.477562761908
0.160	1.476640600432
0.161	1.475719854184
0.162	1.474800519689
0.163	1.473882593487
0.164	1.472966072126
0.165	1.472050952167
0.166	1.471137230183
0.167	1.470224902757
0.168	1.469313966485
0.169	1.468404417974
0.170	1.467496253841
0.171	1.466589470716
0.172	1.465684065239
0.173	1.464780034062
0.174	1.463877373848
0.175	1.462976081271
0.176	1.462076153015
0.177	1.461177585777
0.178	1.460280376263
0.179	1.459384521192
0.180	1.458490017292
0.181	1.457596861302
0.182	1.456705049972
0.183	1.455814580065
0.184	1.454925448350
0.185	1.454037651612
0.186	1.453151186641
0.187	1.452266050242
0.188	1.451382239229
0.189	1.450499750426
0.190	1.449618580667
0.191	1.448738726798
0.192	1.447860185675
0.193	1.446982954162
0.194	1.446107029137
0.195	1.445232407485
0.196	1.444359086102
0.197	1.443487061895
0.198	1.442616331781
0.199	1.441746892685
0.200	1.440878741546
0.201	1.440011875308
0.202	1.439146290929
0.203	1.438281985374
0.204	1.437418955621
0.205	1.436557198654
0.206	1.435696711469
0.207	1.434837491072
0.208	1.433979534478
0.209	1.433122838711
0.210	1.432267400805
0.211	1.431413217805
0.212	1.430560286764
0.213	1.429708604743
0.214	1.428858168817
0.215	1.428008976065
0.216	1.427161023579
0.217	1.426314308460
0.218	1.425468827817
0.219	1.424624578768
0.220	1.423781558441
0.221	1.422939763975
0.222	1.422099192514
0.223	1.421259841215
0.224	1.420421707242
0.225	1.419584787768
0.226	1.418749079976
0.227	1.417914581058
0.228	1.417081288212
0.229	1.416249198650
0.230	1.415418309588
0.231	1.414588618254
0.232	1.413760121883
0.233	1.412932817719
0.234	1.412106703016
0.235	1.411281775036
0.236	1.410458031048
0.237	1.409635468332
0.238	1.408814084175
0.239	1.407993875873
0.240	1.407174840731
0.241	1.406356976061
0.242	1.405540279186
0.243	1.404724747435
0.244	1.403910378146
0.245	1.403097168665
0.246	1.402285116348
0.247	1.401474218558
0.248	1.400664472665
0.249	1.399855876050
0.250	1.399048426100
0.251	1.398242120211
0.252	1.397436955786
0.253	1.396632930238
0.254	1.395830040987
0.255	1.395028285460
0.256	1.394227661095
0.257	1.393428165333
0.258	1.392629795628
0.259	1.391832549440
0.260	1.391036424235
0.261	1.390241417489
0.262	1.389447526685
0.263	1.388654749315
0.264	1.387863082876
0.265	1.387072524876
0.266	1.386283072828
0.267	1.385494724254
0.268	1.384707476683
0.269	1.383921327652
0.270	1.383136274706
0.271	1.382352315396
0.272	1.381569447282
0.273	1.380787667931
0.274	1.380006974916
0.275	1.379227365820
0.276	1.378448838232
0.277	1.377671389749
0.278	1.376895017973
0.279	1.376119720516
0.280	1.375345494997
0.281	1.374572339040
0.282	1.373800250279
0.283	1.373029226354
0.284	1.372259264911
0.285	1.371490363605
0.286	1.370722520097
0.287	1.369955732056
0.288	1.369189997157
0.289	1.368425313082
0.290	1.367661677520
0.291	1.366899088169
0.292	1.366137542732
0.293	1.365377038918
0.294	1.364617574445
0.295	1.363859147036
0.296	1.363101754423
0.297	1.362345394344
0.298	1.361590064542
0.299	1.360835762768
0.300	1.360082486781
0.301	1.359330234346
0.302	1.358579003232
0.303	1.357828791219
0.304	1.357079596091
0.305	1.356331415638
0.306	1.355584247659
0.307	1.354838089958
0.308	1.354092940345
0.309	1.353348796639
0.310	1.352605656662
0.311	1.351863518244
0.312	1.351122379223
0.313	1.350382237442
0.314	1.349643090750
0.315	1.348904937002
0.316	1.348167774061
0.317	1.347431599796
0.318	1.346696412080
0.319	1.345962208795
0.320	1.345228987829
0.321	1.344496747074
0.322	1.343765484430
0.323	1.343035197803
0.324	1.342305885106
0.325	1.341577544255
0.326	1.340850173175
0.327	1.340123769797
0.328	1.339398332056
0.329	1.338673857896
0.330	1.337950345264
0.331	1.337227792114
0.332	1.336506196408
0.333	1.335785556111
0.334	1.335065869195
0.335	1.334347133639
0.336	1.333629347427
0.337	1.332912508547
0.338	1.332196614997
0.339	1.331481664777
0.340	1.330767655895
0.341	1.330054586363
0.342	1.329342454201
0.343	1.328631257432
0.344	1.327920994088
0.345	1.327211662204
0.346	1.326503259822
0.347	1.325795784988
0.348	1.325089235757
0.349	1.324383610185
0.350	1.323678906337
0.351	1.322975122284
0.352	1.322272256099
0.353	1.321570305864
0.354	1.320869269665
0.355	1.320169145593
0.356	1.319469931745
0.357	1.318771626225
0.358	1.318074227140
0.359	1.317377732603
0.360	1.316682140734
0.361	1.315987449656
0.362	1.315293657499
0.363	1.314600762398
0.364	1.313908762492
0.365	1.313217655928
0.366	1.312527440856
0.367	1.311838115432
0.368	1.311149677817
0.369	1.310462126177
0.370	1.309775458685
0.371	1.309089673516
0.372	1.308404768853
0.373	1.307720742882
0.374	1.307037593797
0.375	1.306355319794
0.376	1.305673919075
0.377	1.304993389849
0.378	1.304313730326
0.379	1.303634938726
0.380	1.302957013270
0.381	1.302279952187
0.382	1.301603753707
0.383	1.300928416070
0.384	1.300253937517
0.385	1.299580316295
0.386	1.298907550657
0.387	1.298235638860
0.388	1.297564579166
0.389	1.296894369842
0.390	1.296225009159
0.391	1.295556495393
0.392	1.294888826827
0.393	1.294222001746
0.394	1.293556018441
0.395	1.292890875208
0.396	1.292226570346
0.397	1.291563102161
0.398	1.290900468964
0.399	1.290238669067
0.400	1.289577700790
0.401	1.288917562457
0.402	1.288258252397
0.403	1.287599768942
0.404	1.286942110430
0.405	1.286285275203
0.406	1.285629261608
0.407	1.284974067997
0.408	1.284319692724
0.409	1.283666134151
0.410	1.283013390642
0.411	1.282361460567
0.412	1.281710342300
0.413	1.281060034218
0.414	1.280410534706
0.415	1.279761842149
0.416	1.279113954940
0.417	1.278466871474
0.418	1.277820590153
0.419	1.277175109380
0.420	1.276530427565
0.421	1.275886543121
0.422	1.275243454466
0.423	1.274601160023
0.424	1.273959658217
0.425	1.273318947479
0.426	1.272679026244
0.427	1.272039892952
0.428	1.271401546046
0.429	1.270763983973
0.430	1.270127205185
0.431	1.269491208139
0.432	1.268855991294
0.433	1.268221553115
0.434	1.267587892070
0.435	1.266955006632
0.436	1.266322895279
0.437	1.265691556490
0.438	1.265060988750
0.439	1.264431190550
0.440	1.263802160381
0.441	1.263173896741
0.442	1.262546398132
0.443	1.261919663058
0.444	1.261293690028
0.445	1.260668477557
0.446	1.260044024161
0.447	1.259420328361
0.448	1.258797388682
0.449	1.258175203655
0.450	1.257553771810
0.451	1.256933091687
0.452	1.256313161824
0.453	1.255693980768
0.454	1.255075547066
0.455	1.254457859271
0.456	1.253840915940
0.457	1.253224715632
0.458	1.252609256912
0.459	1.251994538347
0.460	1.251380558509
0.461	1.250767315973
0.462	1.250154809318
0.463	1.249543037127
0.464	1.248931997988
0.465	1.248321690489
0.466	1.247712113226
0.467	1.247103264796
0.468	1.246495143800
0.469	1.245887748844
0.470	1.245281078537
0.471	1.244675131491
0.472	1.244069906322
0.473	1.243465401650
0.474	1.242861616099
0.475	1.242258548295
0.476	1.241656196870
0.477	1.241054560457
0.478	1.240453637694
0.479	1.239853427222
0.480	1.239253927687
0.481	1.238655137737
0.482	1.238057056024
0.483	1.237459681203
0.484	1.236863011934
0.485	1.236267046878
0.486	1.235671784702
0.487	1.235077224075
0.488	1.234483363671
0.489	1.233890202165
0.490	1.233297738238
0.491	1.232705970572
0.492	1.232114897854
0.493	1.231524518775
0.494	1.230934832027
0.495	1.230345836307
0.496	1.229757530316
0.497	1.229169912757
0.498	1.228582982338
0.499	1.227996737767
0.500	1.227411177759
0.501	1.226826301031
0.502	1.226242106303
0.503	1.225658592297
0.504	1.225075757742
0.505	1.224493601367
0.506	1.223912121904
0.507	1.223331318092
0.508	1.222751188669
0.509	1.222171732378
0.510	1.221592947967
0.511	1.221014834183
0.512	1.220437389779
0.513	1.219860613513
0.514	1.219284504141
0.515	1.218709060427
0.516	1.218134281136
0.517	1.217560165037
0.518	1.216986710900
0.519	1.216413917500
0.520	1.215841783616
0.521	1.215270308029
0.522	1.214699489521
0.523	1.214129326881
0.524	1.213559818899
0.525	1.212990964367
0.526	1.212422762082
0.527	1.211855210844
0.528	1.211288309455
0.529	1.210722056720
0.530	1.210156451447
0.531	1.209591492449
0.532	1.209027178539
0.533	1.208463508535
0.534	1.207900481258
0.535	1.207338095530
0.536	1.206776350178
0.537	1.206215244031
0.538	1.205654775922
0.539	1.205094944686
0.540	1.204535749160
0.541	1.203977188186
0.542	1.203419260607
0.543	1.202861965271
0.544	1.202305301027
0.545	1.201749266728
0.546	1.201193861228
0.547	1.200639083387
0.548	1.200084932065
0.549	1.199531406126
0.550	1.198978504437
0.551	1.198426225869
0.552	1.197874569292
0.553	1.197323533582
0.554	1.196773117618
0.555	1.196223320280
0.556	1.195674140451
0.557	1.195125577019
0.558	1.194577628872
0.559	1.194030294901
0.560	1.193483574003
0.561	1.192937465073
0.562	1.192391967013
0.563	1.191847078724
0.564	1.191302799112
0.565	1.190759127086
0.566	1.190216061556
0.567	1.189673601436
0.568	1.189131745642
0.569	1.188590493094
0.570	1.188049842711
0.571	1.187509793420
0.572	1.186970344146
0.573	1.186431493819
0.574	1.185893241372
0.575	1.185355585738
0.576	1.184818525856
0.577	1.184282060665
0.578	1.183746189108
0.579	1.183210910129
0.580	1.182676222677
0.581	1.182142125702
0.582	1.181608618156
0.583	1.181075698996
0.584	1.180543367178
0.585	1.180011621664
0.586	1.179480461415
0.587	1.178949885399
0.588	1.178419892583
0.589	1.177890481937
0.590	1.177361652434
0.591	1.176833403050
0.592	1.176305732763
0.593	1.175778640553
0.594	1.175252125403
0.595	1.174726186299
0.596	1.174200822229
0.597	1.173676032182
0.598	1.173151815152
0.599	1.172628170133
0.600	1.172105096124
0.601	1.171582592124
0.602	1.171060657135
0.603	1.170539290163
0.604	1.170018490214
0.605	1.169498256299
0.606	1.168978587429
0.607	1.168459482618
0.608	1.167940940883
0.609	1.167422961243
0.610	1.166905542720
0.611	1.166388684338
0.612	1.165872385121
0.613	1.165356644100
0.614	1.164841460304
0.615	1.164326832766
0.616	1.163812760523
0.617	1.163299242610
0.618	1.162786278070
0.619	1.162273865943
0.620	1.161762005274
0.621	1.161250695110
0.622	1.160739934500
0.623	1.160229722496
0.624	1.159720058150
0.625	1.159210940519
0.626	1.158702368660
0.627	1.158194341635
0.628	1.157686858505
0.629	1.157179918335
0.630	1.156673520192
0.631	1.156167663145
0.632	1.155662346266
0.633	1.155157568627
0.634	1.154653329306
0.635	1.154149627378
0.636	1.153646461926
0.637	1.153143832030
0.638	1.152641736775
0.639	1.152140175248
0.640	1.151639146538
0.641	1.151138649735
0.642	1.150638683931
0.643	1.150139248223
0.644	1.149640341708
0.645	1.149141963484
0.646	1.148644112653
0.647	1.148146788319
0.648	1.147649989586
0.649	1.147153715564
0.650	1.146657965362
0.651	1.146162738091
0.652	1.145668032866
0.653	1.145173848802
0.654	1.144680185017
0.655	1.144187040632
0.656	1.143694414769
0.657	1.143202306552
0.658	1.142710715108
0.659	1.142219639563
0.660	1.141729079050
0.661	1.141239032699
0.662	1.140749499646
0.663	1.140260479026
0.664	1.139771969979
0.665	1.139283971643
0.666	1.138796483162
0.667	1.138309503680
0.668	1.137823032343
0.669	1.137337068299
0.670	1.136851610699
0.671	1.136366658694
0.672	1.135882211439
0.673	1.135398268089
0.674	1.134914827803
0.675	1.134431889741
0.676	1.133949453064
0.677	1.133467516937
0.678	1.132986080524
0.679	1.132505142993
0.680	1.132024703515
0.681	1.131544761259
0.682	1.131065315401
0.683	1.130586365114
0.684	1.130107909576
0.685	1.129629947966
0.686	1.129152479465
0.687	1.128675503255
0.688	1.128199018521
0.689	1.127723024449
0.690	1.127247520228
0.691	1.126772505048
0.692	1.126297978100
0.693	1.125823938579
0.694	1.125350385680
0.695	1.124877318601
0.696	1.124404736540
0.697	1.123932638699
0.698	1.123461024281
0.699	1.122989892491
0.700	1.122519242535
0.701	1.122049073621
0.702	1.121579384959
0.703	1.121110175762
0.704	1.120641445242
0.705	1.120173192616
0.706	1.119705417101
0.707	1.119238117915
0.708	1.118771294279
0.709	1.118304945416
0.710	1.117839070550
0.711	1.117373668907
0.712	1.116908739714
0.713	1.116444282201
0.714	1.115980295600
0.715	1.115516779142
0.716	1.115053732064
0.717	1.114591153600
0.718	1.114129042989
0.719	1.113667399471
0.720	1.113206222287
0.721	1.112745510681
0.722	1.112285263897
0.723	1.111825481181
0.724	1.111366161782
0.725	1.110907304950
0.726	1.110448909937
0.727	1.109990975994
0.728	1.109533502378
0.729	1.109076488345
0.730	1.108619933153
0.731	1.108163836061
0.732	1.107708196332
0.733	1.107253013228
0.734	1.106798286015
0.735	1.106344013957
0.736	1.105890196324
0.737	1.105436832386
0.738	1.104983921412
0.739	1.104531462677
0.740	1.104079455454
0.741	1.103627899020
0.742	1.103176792651
0.743	1.102726135629
0.744	1.102275927232
0.745	1.101826166745
0.746	1.101376853450
0.747	1.100927986633
0.748	1.100479565581
0.749	1.100031589584
0.750	1.099584057930
0.751	1.099136969913
0.752	1.098690324825
0.753	1.098244121962
0.754	1.097798360619
0.755	1.097353040095
0.756	1.096908159690
0.757	1.096463718704
0.758	1.096019716439
0.759	1.095576152202
0.760	1.095133025295
0.761	1.094690335028
0.762	1.094248080708
0.763	1.093806261646
0.764	1.093364877154
0.765	1.092923926544
0.766	1.092483409131
0.767	1.092043324231
0.768	1.091603671163
0.769	1.091164449244
0.770	1.090725657797
0.771	1.090287296142
0.772	1.089849363603
0.773	1.089411859506
0.774	1.088974783177
0.775	1.088538133943
0.776	1.088101911135
0.777	1.087666114082
0.778	1.087230742117
0.779	1.086795794575
0.780	1.086361270789
0.781	1.085927170097
0.782	1.085493491837
0.783	1.085060235348
0.784	1.084627399970
0.785	1.084194985047
0.786	1.083762989922
0.787	1.083331413940
0.788	1.082900256447
0.789	1.082469516791
0.790	1.082039194323
0.791	1.081609288391
0.792	1.081179798349
0.793	1.080750723551
0.794	1.080322063350
0.795	1.079893817103
0.796	1.079465984167
0.797	1.079038563903
0.798	1.078611555669
0.799	1.078184958828
0.800	1.077758772743
0.801	1.077332996778
0.802	1.076907630300
0.803	1.076482672674
0.804	1.076058123271
0.805	1.075633981458
0.806	1.075210246609
0.807	1.074786918095
0.808	1.074363995289
0.809	1.073941477568
0.810	1.073519364308
0.811	1.073097654886
0.812	1.072676348682
0.813	1.072255445076
0.814	1.071834943450
0.815	1.071414843186
0.816	1.070995143670
0.817	1.070575844287
0.818	1.070156944424
0.819	1.069738443469
0.820	1.069320340812
0.821	1.068902635843
0.822	1.068485327955
0.823	1.068068416540
0.824	1.067651900995
0.825	1.067235780714
0.826	1.066820055095
0.827	1.066404723536
0.828	1.065989785438
0.829	1.065575240200
0.830	1.065161087226
0.831	1.064747325918
0.832	1.064333955682
0.833	1.063920975923
0.834	1.063508386050
0.835	1.063096185469
0.836	1.062684373591
0.837	1.062272949828
0.838	1.061861913590
0.839	1.061451264292
0.840	1.061041001348
0.841	1.060631124174
0.842	1.060221632187
0.843	1.059812524805
0.844	1.059403801448
0.845	1.058995461536
0.846	1.058587504491
0.847	1.058179929737
0.848	1.057772736698
0.849	1.057365924799
0.850	1.056959493466
0.851	1.056553442128
0.852	1.056147770214
0.853	1.055742477154
0.854	1.055337562379
0.855	1.054933025322
0.856	1.054528865417
0.857	1.054125082098
0.858	1.053721674802
0.859	1.053318642966
0.860	1.052915986028
0.861	1.052513703428
0.862	1.052111794607
0.863	1.051710259006
0.864	1.051309096068
0.865	1.050908305238
0.866	1.050507885961
0.867	1.050107837684
0.868	1.049708159853
0.869	1.049308851918
0.870	1.048909913328
0.871	1.048511343534
0.872	1.048113141989
0.873	1.047715308146
0.874	1.047317841459
0.875	1.046920741383
0.876	1.046524007375
0.877	1.046127638893
0.878	1.045731635395
0.879	1.045335996342
0.880	1.044940721193
0.881	1.044545809412
0.882	1.044151260462
0.883	1.043757073806
0.884	1.043363248911
0.885	1.042969785241
0.886	1.042576682266
0.887	1.042183939454
0.888	1.041791556274
0.889	1.041399532196
0.890	1.041007866694
0.891	1.040616559239
0.892	1.040225609307
0.893	1.039835016370
0.894	1.039444779907
0.895	1.039054899394
0.896	1.038665374308
0.897	1.038276204131
0.898	1.037887388340
0.899	1.037498926419
0.900	1.037110817850
0.901	1.036723062115
0.902	1.036335658699
0.903	1.035948607089
0.904	1.035561906770
0.905	1.035175557229
0.906	1.034789557957
0.907	1.034403908442
0.908	1.034018608174
0.909	1.033633656647
0.910	1.033249053351
0.911	1.032864797782
0.912	1.032480889433
0.913	1.032097327801
0.914	1.031714112382
0.915	1.031331242674
0.916	1.030948718175
0.917	1.030566538387
0.918	1.030184702808
0.919	1.029803210942
0.920	1.029422062290
0.921	1.029041256357
0.922	1.028660792647
0.923	1.028280670666
0.924	1.027900889921
0.925	1.027521449919
0.926	1.027142350169
0.927	1.026763590181
0.928	1.026385169465
0.929	1.026007087533
0.930	1.025629343897
0.931	1.025251938071
0.932	1.024874869569
0.933	1.024498137907
0.934	1.024121742601
0.935	1.023745683169
0.936	1.023369959129
0.937	1.022994569999
0.938	1.022619515301
0.939	1.022244794556
0.940	1.021870407284
0.941	1.021496353011
0.942	1.021122631259
0.943	1.020749241553
0.944	1.020376183420
0.945	1.020003456385
0.946	1.019631059978
0.947	1.019258993726
0.948	1.018887257159
0.949	1.018515849807
0.950	1.018144771203
0.951	1.017774020877
0.952	1.017403598364
0.953	1.017033503198
0.954	1.016663734913
0.955	1.016294293046
0.956	1.015925177134
0.957	1.015556386714
0.958	1.015187921325
0.959	1.014819780506
0.960	1.014451963799
0.961	1.014084470744
0.962	1.013717300885
0.963	1.013350453763
0.964	1.012983928923
0.965	1.012617725910
0.966	1.012251844270
0.967	1.011886283549
0.968	1.011521043296
0.969	1.011156123059
0.970	1.010791522386
0.971	1.010427240828
0.972	1.010063277937
0.973	1.009699633265
0.974	1.009336306363
0.975	1.008973296786
0.976	1.008610604089
0.977	1.008248227826
0.978	1.007886167555
0.979	1.007524422832
0.980	1.007162993215
0.981	1.006801878263
0.982	1.006441077536
0.983	1.006080590595
0.984	1.005720417000
0.985	1.005360556314
0.986	1.005001008101
0.987	1.004641771923
0.988	1.004282847346
0.989	1.003924233936
0.990	1.003565931258
0.991	1.003207938881
0.992	1.002850256372
0.993	1.002492883300
0.994	1.002135819235
0.995	1.001779063747
0.996	1.001422616409
0.997	1.001066476791
0.998	1.000710644467
0.999	1.000355119012
1.000	0.999999900000
1.001	0.999644987005
1.002	0.999290379605
1.003	0.998936077376
1.004	0.998582079896
1.005	0.998228386745
1.006	0.997874997501
1.007	0.997521911746
1.008	0.997169129059
1.009	0.996816649023
1.010	0.996464471221
1.011	0.996112595237
1.012	0.995761020653
1.013	0.995409747056
1.014	0.995058774032
1.015	0.994708101166
1.016	0.994357728047
1.017	0.994007654263
1.018	0.993657879402
1.019	0.993308403055
1.020	0.992959224812
1.021	0.992610344264
1.022	0.992261761003
1.023	0.991913474622
1.024	0.991565484716
1.025	0.991217790878
1.026	0.990870392703
1.027	0.990523289787
1.028	0.990176481727
1.029	0.989829968121
1.030	0.989483748567
1.031	0.989137822663
1.032	0.988792190009
1.033	0.988446850206
1.034	0.988101802855
1.035	0.987757047558
1.036	0.987412583918
1.037	0.987068411538
1.038	0.986724530022
1.039	0.986380938975
1.040	0.986037638003
1.041	0.985694626712
1.042	0.985351904710
1.043	0.985009471604
1.044	0.984667327003
1.045	0.984325470516
1.046	0.983983901754
1.047	0.983642620326
1.048	0.983301625845
1.049	0.982960917924
1.050	0.982620496174
1.051	0.982280360209
1.052	0.981940509645
1.053	0.981600944095
1.054	0.981261663177
1.055	0.980922666506
1.056	0.980583953700
1.057	0.980245524376
1.058	0.979907378154
1.059	0.979569514653
1.060	0.979231933492
1.061	0.978894634293
1.062	0.978557616678
1.063	0.978220880267
1.064	0.977884424685
1.065	0.977548249555
1.066	0.977212354501
1.067	0.976876739148
1.068	0.976541403122
1.069	0.976206346050
1.070	0.975871567557
1.071	0.975537067273
1.072	0.975202844824
1.073	0.974868899842
1.074	0.974535231954
1.075	0.974201840793
1.076	0.973868725988
1.077	0.973535887173
1.078	0.973203323978
1.079	0.972871036038
1.080	0.972539022987
1.081	0.972207284458
1.082	0.971875820087
1.083	0.971544629510
1.084	0.971213712364
1.085	0.970883068285
1.086	0.970552696912
1.087	0.970222597882
1.088	0.969892770836
1.089	0.969563215413
1.090	0.969233931254
1.091	0.968904917999
1.092	0.968576175290
1.093	0.968247702771
1.094	0.967919500084
1.095	0.967591566872
1.096	0.967263902781
1.097	0.966936507455
1.098	0.966609380540
1.099	0.966282521682
1.100	0.965955930528
1.101	0.965629606727
1.102	0.965303549925
1.103	0.964977759773
1.104	0.964652235919
1.105	0.964326978015
1.106	0.964001985709
1.107	0.963677258655
1.108	0.963352796504
1.109	0.963028598909
1.110	0.962704665523
1.111	0.962380996000
1.112	0.962057589995
1.113	0.961734447162
1.114	0.961411567159
1.115	0.961088949640
1.116	0.960766594264
1.117	0.960444500687
1.118	0.960122668569
1.119	0.959801097568
1.120	0.959479787343
1.121	0.959158737555
1.122	0.958837947865
1.123	0.958517417933
1.124	0.958197147422
1.125	0.957877135995
1.126	0.957557383314
1.127	0.957237889044
1.128	0.956918652848
1.129	0.956599674392
1.130	0.956280953341
1.131	0.955962489361
1.132	0.955644282120
1.133	0.955326331284
1.134	0.955008636522
1.135	0.954691197502
1.136	0.954374013893
1.137	0.954057085365
1.138	0.953740411588
1.139	0.953423992234
1.140	0.953107826973
1.141	0.952791915478
1.142	0.952476257422
1.143	0.952160852477
1.144	0.951845700318
1.145	0.951530800619
1.146	0.951216153055
1.147	0.950901757301
1.148	0.950587613033
1.149	0.950273719930
1.150	0.949960077666
1.151	0.949646685922
1.152	0.949333544374
1.153	0.949020652702
1.154	0.948708010585
1.155	0.948395617704
1.156	0.948083473740
1.157	0.947771578373
1.158	0.947459931285
1.159	0.947148532159
1.160	0.946837380678
1.161	0.946526476525
1.162	0.946215819384
1.163	0.945905408940
1.164	0.945595244878
1.165	0.945285326884
1.166	0.944975654644
1.167	0.944666227845
1.168	0.944357046174
1.169	0.944048109319
1.170	0.943739416969
1.171	0.943430968813
1.172	0.943122764539
1.173	0.942814803839
1.174	0.942507086404
1.175	0.942199611923
1.176	0.941892380089
1.177	0.941585390595
1.178	0.941278643132
1.179	0.940972137395
1.180	0.940665873077
1.181	0.940359849873
1.182	0.940054067477
1.183	0.939748525586
1.184	0.939443223894
1.185	0.939138162100
1.186	0.938833339899
1.187	0.938528756989
1.188	0.938224413069
1.189	0.937920307837
1.190	0.937616440992
1.191	0.937312812234
1.192	0.937009421263
1.193	0.936706267781
1.194	0.936403351487
1.195	0.936100672085
1.196	0.935798229276
1.197	0.935496022762
1.198	0.935194052249
1.199	0.934892317438
1.200	0.934590818035
1.201	0.934289553745
1.202	0.933988524272
1.203	0.933687729323
1.204	0.933387168604
1.205	0.933086841823
1.206	0.932786748685
1.207	0.932486888900
1.208	0.932187262175
1.209	0.931887868220
1.210	0.931588706744
1.211	0.931289777457
1.212	0.930991080070
1.213	0.930692614292
1.214	0.930394379837
1.215	0.930096376414
1.216	0.929798603738
1.217	0.929501061521
1.218	0.929203749476
1.219	0.928906667317
1.220	0.928609814758
1.221	0.928313191514
1.222	0.928016797302
1.223	0.927720631836
1.224	0.927424694832
1.225	0.927128986008
1.226	0.926833505081
1.227	0.926538251769
1.228	0.926243225789
1.229	0.925948426861
1.230	0.925653854704
1.231	0.925359509038
1.232	0.925065389582
1.233	0.924771496057
1.234	0.924477828185
1.235	0.924184385687
1.236	0.923891168285
1.237	0.923598175702
1.238	0.923305407660
1.239	0.923012863883
1.240	0.922720544096
1.241	0.922428448021
1.242	0.922136575386
1.243	0.921844925914
1.244	0.921553499331
1.245	0.921262295364
1.246	0.920971313740
1.247	0.920680554186
1.248	0.920390016429
1.249	0.920099700197
1.250	0.919809605220
1.251	0.919519731226
1.252	0.919230077944
1.253	0.918940645106
1.254	0.918651432440
1.255	0.918362439678
1.256	0.918073666552
1.257	0.917785112792
1.258	0.917496778132
1.259	0.917208662304
1.260	0.916920765041
1.261	0.916633086077
1.262	0.916345625145
1.263	0.916058381980
1.264	0.915771356318
1.265	0.915484547893
1.266	0.915197956441
1.267	0.914911581698
1.268	0.914625423402
1.269	0.914339481289
1.270	0.914053755097
1.271	0.913768244564
1.272	0.913482949429
1.273	0.913197869429
1.274	0.912913004305
1.275	0.912628353797
1.276	0.912343917644
1.277	0.912059695587
1.278	0.911775687367
1.279	0.911491892726
1.280	0.911208311405
1.281	0.910924943148
1.282	0.910641787696
1.283	0.910358844794
1.284	0.910076114183
1.285	0.909793595610
1.286	0.909511288818
1.287	0.909229193551
1.288	0.908947309557
1.289	0.908665636579
1.290	0.908384174365
1.291	0.908102922660
1.292	0.907821881213
1.293	0.907541049770
1.294	0.907260428079
1.295	0.906980015889
1.296	0.906699812948
1.297	0.906419819006
1.298	0.906140033811
1.299	0.905860457114
1.300	0.905581088665
1.301	0.905301928216
1.302	0.905022975516
1.303	0.904744230318
1.304	0.904465692374
1.305	0.904187361436
1.306	0.903909237257
1.307	0.903631319590
1.308	0.903353608188
1.309	0.903076102807
1.310	0.902798803199
1.311	0.902521709121
1.312	0.902244820327
1.313	0.901968136573
1.314	0.901691657615
1.315	0.901415383209
1.316	0.901139313113
1.317	0.900863447083
1.318	0.900587784877
1.319	0.900312326253
1.320	0.900037070970
1.321	0.899762018787
1.322	0.899487169462
1.323	0.899212522755
1.324	0.898938078427
1.325	0.898663836238
1.326	0.898389795947
1.327	0.898115957318
1.328	0.897842320111
1.329	0.897568884088
1.330	0.897295649011
1.331	0.897022614644
1.332	0.896749780749
1.333	0.896477147091
1.334	0.896204713431
1.335	0.895932479536
1.336	0.895660445170
1.337	0.895388610098
1.338	0.895116974084
1.339	0.894845536896
1.340	0.894574298299
1.341	0.894303258060
1.342	0.894032415945
1.343	0.893761771722
1.344	0.893491325159
1.345	0.893221076024
1.346	0.892951024085
1.347	0.892681169111
1.348	0.892411510871
1.349	0.892142049135
1.350	0.891872783673
1.351	0.891603714255
1.352	0.891334840652
1.353	0.891066162634
1.354	0.890797679974
1.355	0.890529392442
1.356	0.890261299812
1.357	0.889993401855
1.358	0.889725698345
1.359	0.889458189055
1.360	0.889190873758
1.361	0.888923752229
1.362	0.888656824241
1.363	0.888390089570
1.364	0.888123547991
1.365	0.887857199278
1.366	0.887591043208
1.367	0.887325079557
1.368	0.887059308102
1.369	0.886793728619
1.370	0.886528340885
1.371	0.886263144679
1.372	0.885998139777
1.373	0.885733325959
1.374	0.885468703003
1.375	0.885204270688
1.376	0.884940028793
1.377	0.884675977098
1.378	0.884412115383
1.379	0.884148443429
1.380	0.883884961016
1.381	0.883621667925
1.382	0.883358563939
1.383	0.883095648838
1.384	0.882832922404
1.385	0.882570384421
1.386	0.882308034671
1.387	0.882045872938
1.388	0.881783899004
1.389	0.881522112654
1.390	0.881260513672
1.391	0.880999101842
1.392	0.880737876950
1.393	0.880476838780
1.394	0.880215987119
1.395	0.879955321751
1.396	0.879694842465
1.397	0.879434549045
1.398	0.879174441279
1.399	0.878914518954
1.400	0.878654781858
1.401	0.878395229779
1.402	0.878135862505
1.403	0.877876679825
1.404	0.877617681527
1.405	0.877358867402
1.406	0.877100237237
1.407	0.876841790825
1.408	0.876583527954
1.409	0.876325448415
1.410	0.876067551999
1.411	0.875809838499
1.412	0.875552307704
1.413	0.875294959407
1.414	0.875037793401
1.415	0.874780809477
1.416	0.874524007430
1.417	0.874267387051
1.418	0.874010948135
1.419	0.873754690475
1.420	0.873498613866
1.421	0.873242718102
1.422	0.872987002978
1.423	0.872731468289
1.424	0.872476113831
1.425	0.872220939399
1.426	0.871965944790
1.427	0.871711129799
1.428	0.871456494224
1.429	0.871202037863
1.430	0.870947760511
1.431	0.870693661967
1.432	0.870439742029
1.433	0.870186000495
1.434	0.869932437164
1.435	0.869679051835
1.436	0.869425844307
1.437	0.869172814380
1.438	0.868919961853
1.439	0.868667286527
1.440	0.868414788203
1.441	0.868162466680
1.442	0.867910321761
1.443	0.867658353247
1.444	0.867406560939
1.445	0.867154944640
1.446	0.866903504151
1.447	0.866652239276
1.448	0.866401149818
1.449	0.866150235579
1.450	0.865899496364
1.451	0.865648931977
1.452	0.865398542221
1.453	0.865148326900
1.454	0.864898285821
1.455	0.864648418788
1.456	0.864398725606
1.457	0.864149206081
1.458	0.863899860019
1.459	0.863650687226
1.460	0.863401687509
1.461	0.863152860675
1.462	0.862904206531
1.463	0.862655724885
1.464	0.862407415544
1.465	0.862159278316
1.466	0.861911313010
1.467	0.861663519434
1.468	0.861415897398
1.469	0.861168446710
1.470	0.860921167181
1.471	0.860674058620
1.472	0.860427120836
1.473	0.860180353642
1.474	0.859933756846
1.475	0.859687330261
1.476	0.859441073698
1.477	0.859194986967
1.478	0.858949069882
1.479	0.858703322254
1.480	0.858457743896
1.481	0.858212334620
1.482	0.857967094239
1.483	0.857722022567
1.484	0.857477119417
1.485	0.857232384604
1.486	0.856987817940
1.487	0.856743419242
1.488	0.856499188323
1.489	0.856255124998
1.490	0.856011229083
1.491	0.855767500394
1.492	0.855523938745
1.493	0.855280543954
1.494	0.855037315836
1.495	0.854794254209
1.496	0.854551358889
1.497	0.854308629694
1.498	0.854066066440
1.499	0.853823668947
1.500	0.853581437031
1.501	0.853339370512
1.502	0.853097469207
1.503	0.852855732936
1.504	0.852614161518
1.505	0.852372754773
1.506	0.852131512519
1.507	0.851890434578
1.508	0.851649520768
1.509	0.851408770912
1.510	0.851168184829
1.511	0.850927762341
1.512	0.850687503269
1.513	0.850447407435
1.514	0.850207474660
1.515	0.849967704766
1.516	0.849728097577
1.517	0.849488652914
1.518	0.849249370601
1.519	0.849010250461
1.520	0.848771292318
1.521	0.848532495994
1.522	0.848293861314
1.523	0.848055388103
1.524	0.847817076185
1.525	0.847578925384
1.526	0.847340935526
1.527	0.847103106436
1.528	0.846865437940
1.529	0.846627929863
1.530	0.846390582032
1.531	0.846153394273
1.532	0.845916366412
1.533	0.845679498277
1.534	0.845442789694
1.535	0.845206240491
1.536	0.844969850496
1.537	0.844733619537
1.538	0.844497547441
1.539	0.844261634037
1.540	0.844025879154
1.541	0.843790282621
1.542	0.843554844267
1.543	0.843319563921
1.544	0.843084441413
1.545	0.842849476573
1.546	0.842614669231
1.547	0.842380019219
1.548	0.842145526365
1.549	0.841911190502
1.550	0.841677011460
1.551	0.841442989072
1.552	0.841209123168
1.553	0.840975413581
1.554	0.840741860142
1.555	0.840508462685
1.556	0.840275221042
1.557	0.840042135046
1.558	0.839809204531
1.559	0.839576429329
1.560	0.839343809274
1.561	0.839111344201
1.562	0.838879033943
1.563	0.838646878334
1.564	0.838414877211
1.565	0.838183030407
1.566	0.837951337757
1.567	0.837719799098
1.568	0.837488414264
1.569	0.837257183092
1.570	0.837026105417
1.571	0.836795181077
1.572	0.836564409907
1.573	0.836333791744
1.574	0.836103326427
1.575	0.835873013791
1.576	0.835642853674
1.577	0.835412845915
1.578	0.835182990351
1.579	0.834953286821
1.580	0.834723735163
1.581	0.834494335216
1.582	0.834265086819
1.583	0.834035989811
1.584	0.833807044031
1.585	0.833578249320
1.586	0.833349605517
1.587	0.833121112462
1.588	0.832892769996
1.589	0.832664577959
1.590	0.832436536193
1.591	0.832208644537
1.592	0.831980902835
1.593	0.831753310927
1.594	0.831525868655
1.595	0.831298575860
1.596	0.831071432386
1.597	0.830844438075
1.598	0.830617592770
1.599	0.830390896312
1.600	0.830164348547
1.601	0.829937949316
1.602	0.829711698464
1.603	0.829485595834
1.604	0.829259641271
1.605	0.829033834618
1.606	0.828808175721
1.607	0.828582664424
1.608	0.828357300573
1.609	0.828132084011
1.610	0.827907014585
1.611	0.827682092140
1.612	0.827457316523
1.613	0.827232687579
1.614	0.827008205155
1.615	0.826783869097
1.616	0.826559679251
1.617	0.826335635466
1.618	0.826111737588
1.619	0.825887985464
1.620	0.825664378943
1.621	0.825440917872
1.622	0.825217602098
1.623	0.824994431472
1.624	0.824771405840
1.625	0.824548525052
1.626	0.824325788956
1.627	0.824103197403
1.628	0.823880750241
1.629	0.823658447319
1.630	0.823436288489
1.631	0.823214273599
1.632	0.822992402500
1.633	0.822770675042
1.634	0.822549091077
1.635	0.822327650454
1.636	0.822106353026
1.637	0.821885198643
1.638	0.821664187157
1.639	0.821443318420
1.640	0.821222592284
1.641	0.821002008600
1.642	0.820781567222
1.643	0.820561268002
1.644	0.820341110792
1.645	0.820121095447
1.646	0.819901221818
1.647	0.819681489759
1.648	0.819461899124
1.649	0.819242449768
1.650	0.819023141543
1.651	0.818803974305
1.652	0.818584947907
1.653	0.818366062204
1.654	0.818147317052
1.655	0.817928712305
1.656	0.817710247819
1.657	0.817491923449
1.658	0.817273739051
1.659	0.817055694481
1.660	0.816837789595
1.661	0.816620024249
1.662	0.816402398300
1.663	0.816184911604
1.664	0.815967564019
1.665	0.815750355402
1.666	0.815533285609
1.667	0.815316354499
1.668	0.815099561930
1.669	0.814882907758
1.670	0.814666391843
1.671	0.814450014043
1.672	0.814233774216
1.673	0.814017672221
1.674	0.813801707917
1.675	0.813585881163
1.676	0.813370191819
1.677	0.813154639744
1.678	0.812939224798
1.679	0.812723946840
1.680	0.812508805731
1.681	0.812293801332
1.682	0.812078933502
1.683	0.811864202103
1.684	0.811649606995
1.685	0.811435148039
1.686	0.811220825098
1.687	0.811006638032
1.688	0.810792586703
1.689	0.810578670973
1.690	0.810364890704
1.691	0.810151245758
1.692	0.809937735998
1.693	0.809724361287
1.694	0.809511121487
1.695	0.809298016462
1.696	0.809085046074
1.697	0.808872210188
1.698	0.808659508666
1.699	0.808446941373
1.700	0.808234508172
1.701	0.808022208928
1.702	0.807810043506
1.703	0.807598011769
1.704	0.807386113583
1.705	0.807174348812
1.706	0.806962717322
1.707	0.806751218978
1.708	0.806539853646
1.709	0.806328621190
1.710	0.806117521478
1.711	0.805906554376
1.712	0.805695719748
1.713	0.805485017463
1.714	0.805274447387
1.715	0.805064009385
1.716	0.804853703327
1.717	0.804643529078
1.718	0.804433486506
1.719	0.804223575478
1.720	0.804013795863
1.721	0.803804147528
1.722	0.803594630342
1.723	0.803385244172
1.724	0.803175988888
1.725	0.802966864358
1.726	0.802757870450
1.727	0.802549007034
1.728	0.802340273979
1.729	0.802131671154
1.730	0.801923198429
1.731	0.801714855674
1.732	0.801506642759
1.733	0.801298559553
1.734	0.801090605927
1.735	0.800882781752
1.736	0.800675086898
1.737	0.800467521236
1.738	0.800260084636
1.739	0.800052776971
1.740	0.799845598112
1.741	0.799638547929
1.742	0.799431626295
1.743	0.799224833082
1.744	0.799018168162
1.745	0.798811631406
1.746	0.798605222688
1.747	0.798398941880
1.748	0.798192788855
1.749	0.797986763485
1.750	0.797780865644
1.751	0.797575095205
1.752	0.797369452041
1.753	0.797163936027
1.754	0.796958547036
1.755	0.796753284942
1.756	0.796548149619
1.757	0.796343140941
1.758	0.796138258783
1.759	0.795933503020
1.760	0.795728873526
1.761	0.795524370177
1.762	0.795319992848
1.763	0.795115741413
1.764	0.794911615749
1.765	0.794707615732
1.766	0.794503741236
1.767	0.794299992139
1.768	0.794096368316
1.769	0.793892869643
1.770	0.793689495998
1.771	0.793486247257
1.772	0.793283123296
1.773	0.793080123994
1.774	0.792877249226
1.775	0.792674498871
1.776	0.792471872806
1.777	0.792269370909
1.778	0.792066993057
1.779	0.791864739129
1.780	0.791662609003
1.781	0.791460602557
1.782	0.791258719669
1.783	0.791056960219
1.784	0.790855324086
1.785	0.790653811147
1.786	0.790452421284
1.787	0.790251154374
1.788	0.790050010297
1.789	0.789848988934
1.790	0.789648090163
1.791	0.789447313866
1.792	0.789246659921
1.793	0.789046128210
1.794	0.788845718613
1.795	0.788645431010
1.796	0.788445265283
1.797	0.788245221312
1.798	0.788045298979
1.799	0.787845498165
1.800	0.787645818750
1.801	0.787446260618
1.802	0.787246823649
1.803	0.787047507726
1.804	0.786848312730
1.805	0.786649238545
1.806	0.786450285051
1.807	0.786251452133
1.808	0.786052739672
1.809	0.785854147552
1.810	0.785655675655
1.811	0.785457323865
1.812	0.785259092065
1.813	0.785060980138
1.814	0.784862987969
1.815	0.784665115441
1.816	0.784467362438
1.817	0.784269728844
1.818	0.784072214543
1.819	0.783874819421
1.820	0.783677543361
1.821	0.783480386248
1.822	0.783283347967
1.823	0.783086428404
1.824	0.782889627443
1.825	0.782692944969
1.826	0.782496380869
1.827	0.782299935028
1.828	0.782103607332
1.829	0.781907397666
1.830	0.781711305918
1.831	0.781515331972
1.832	0.781319475716
1.833	0.781123737036
1.834	0.780928115819
1.835	0.780732611952
1.836	0.780537225322
1.837	0.780341955816
1.838	0.780146803320
1.839	0.779951767724
1.840	0.779756848914
1.841	0.779562046779
1.842	0.779367361205
1.843	0.779172792082
1.844	0.778978339297
1.845	0.778784002738
1.846	0.778589782296
1.847	0.778395677857
1.848	0.778201689310
1.849	0.778007816546
1.850	0.777814059452
1.851	0.777620417919
1.852	0.777426891835
1.853	0.777233481090
1.854	0.777040185574
1.855	0.776847005177
1.856	0.776653939788
1.857	0.776460989297
1.858	0.776268153596
1.859	0.776075432574
1.860	0.775882826122
1.861	0.775690334131
1.862	0.775497956491
1.863	0.775305693094
1.864	0.775113543830
1.865	0.774921508591
1.866	0.774729587269
1.867	0.774537779754
1.868	0.774346085939
1.869	0.774154505716
1.870	0.773963038976
1.871	0.773771685611
1.872	0.773580445515
1.873	0.773389318578
1.874	0.773198304695
1.875	0.773007403757
1.876	0.772816615657
1.877	0.772625940289
1.878	0.772435377545
1.879	0.772244927319
1.880	0.772054589504
1.881	0.771864363994
1.882	0.771674250682
1.883	0.771484249462
1.884	0.771294360228
1.885	0.771104582875
1.886	0.770914917296
1.887	0.770725363385
1.888	0.770535921038
1.889	0.770346590149
1.890	0.770157370613
1.891	0.769968262324
1.892	0.769779265178
1.893	0.769590379070
1.894	0.769401603896
1.895	0.769212939549
1.896	0.769024385927
1.897	0.768835942926
1.898	0.768647610440
1.899	0.768459388365
1.900	0.768271276599
1.901	0.768083275038
1.902	0.767895383577
1.903	0.767707602113
1.904	0.767519930543
1.905	0.767332368764
1.906	0.767144916673
1.907	0.766957574166
1.908	0.766770341141
1.909	0.766583217496
1.910	0.766396203128
1.911	0.766209297934
1.912	0.766022501812
1.913	0.765835814660
1.914	0.765649236377
1.915	0.765462766859
1.916	0.765276406006
1.917	0.765090153716
1.918	0.764904009887
1.919	0.764717974419
1.920	0.764532047209
1.921	0.764346228157
1.922	0.764160517162
1.923	0.763974914123
1.924	0.763789418939
1.925	0.763604031510
1.926	0.763418751735
1.927	0.763233579515
1.928	0.763048514748
1.929	0.762863557335
1.930	0.762678707176
1.931	0.762493964172
1.932	0.762309328222
1.933	0.762124799227
1.934	0.761940377087
1.935	0.761756061704
1.936	0.761571852978
1.937	0.761387750810
1.938	0.761203755101
1.939	0.761019865753
1.940	0.760836082667
1.941	0.760652405744
1.942	0.760468834886
1.943	0.760285369995
1.944	0.760102010972
1.945	0.759918757720
1.946	0.759735610141
1.947	0.759552568136
1.948	0.759369631609
1.949	0.759186800462
1.950	0.759004074597
1.951	0.758821453917
1.952	0.758638938325
1.953	0.758456527724
1.954	0.758274222018
1.955	0.758092021108
1.956	0.757909924899
1.957	0.757727933295
1.958	0.757546046198
1.959	0.757364263513
1.960	0.757182585143
1.961	0.757001010992
1.962	0.756819540965
1.963	0.756638174966
1.964	0.756456912898
1.965	0.756275754667
1.966	0.756094700177
1.967	0.755913749333
1.968	0.755732902039
1.969	0.755552158200
1.970	0.755371517722
1.971	0.755190980510
1.972	0.755010546469
1.973	0.754830215504
1.974	0.754649987521
1.975	0.754469862426
1.976	0.754289840124
1.977	0.754109920522
1.978	0.753930103524
1.979	0.753750389039
1.980	0.753570776970
1.981	0.753391267226
1.982	0.753211859713
1.983	0.753032554337
1.984	0.752853351005
1.985	0.752674249623
1.986	0.752495250099
1.987	0.752316352340
1.988	0.752137556253
1.989	0.751958861745
1.990	0.751780268724
1.991	0.751601777097
1.992	0.751423386772
1.993	0.751245097657
1.994	0.751066909659
1.995	0.750888822687
1.996	0.750710836649
1.997	0.750532951453
1.998	0.750355167007
1.999	0.750177483220
2.000	0.749999900000
