0.000	1.644934057835
0.001	1.643733082219
0.002	1.642534265042
0.003	1.641337600119
0.004	1.640143081290
0.005	1.638950702416
0.006	1.637760457386
0.007	1.636572340110
0.008	1.635386344523
0.009	1.634202464583
0.010	1.633020694272
0.011	1.631841027594
0.012	1.630663458579
0.013	1.629487981276
0.014	1.628314589762
0.015	1.627143278132
0.016	1.625974040508
0.017	1.624806871031
0.018	1.623641763868
0.019	1.622478713205
0.020	1.621317713254
0.021	1.620158758246
0.022	1.619001842437
0.023	1.617846960102
0.024	1.616694105540
0.025	1.615543273072
0.026	1.614394457039
0.027	1.613247651806
0.028	1.612102851756
0.029	1.610960051297
0.030	1.609819244856
0.031	1.608680426883
0.032	1.607543591848
0.033	1.606408734241
0.034	1.605275848574
0.035	1.604144929381
0.036	1.603015971215
0.037	1.601888968649
0.038	1.600763916279
0.039	1.599640808719
0.040	1.598519640604
0.041	1.597400406590
0.042	1.596283101352
0.043	1.595167719586
0.044	1.594054256008
0.045	1.592942705352
0.046	1.591833062373
0.047	1.590725321847
0.048	1.589619478567
0.049	1.588515527347
0.050	1.587413463020
0.051	1.586313280437
0.052	1.585214974472
0.053	1.584118540013
0.054	1.583023971971
0.055	1.581931265273
0.056	1.580840414868
0.057	1.579751415721
0.058	1.578664262816
0.059	1.577578951157
0.060	1.576495475765
0.061	1.575413831680
0.062	1.574334013961
0.063	1.573256017684
0.064	1.572179837943
0.065	1.571105469852
0.066	1.570032908540
0.067	1.568962149157
0.068	1.567893186869
0.069	1.566826016859
0.070	1.565760634329
0.071	1.564697034498
0.072	1.563635212604
0.073	1.562575163899
0.074	1.561516883656
0.075	1.560460367162
0.076	1.559405609724
0.077	1.558352606664
0.078	1.557301353321
0.079	1.556251845054
0.080	1.555204077234
0.081	1.554158045253
0.082	1.553113744516
0.083	1.552071170449
0.084	1.551030318489
0.085	1.549991184096
0.086	1.548953762740
0.087	1.547918049911
0.088	1.546884041115
0.089	1.545851731872
0.090	1.544821117722
0.091	1.543792194217
0.092	1.542764956926
0.093	1.541739401437
0.094	1.540715523348
0.095	1.539693318278
0.096	1.538672781860
0.097	1.537653909740
0.098	1.536636697584
0.099	1.535621141069
0.100	1.534607235891
0.101	1.533594977759
0.102	1.532584362399
0.103	1.531575385550
0.104	1.530568042968
0.105	1.529562330423
0.106	1.528558243700
0.107	1.527555778600
0.108	1.526554930937
0.109	1.525555696541
0.110	1.524558071258
0.111	1.523562050944
0.112	1.522567631476
0.113	1.521574808739
0.114	1.520583578638
0.115	1.519593937089
0.116	1.518605880023
0.117	1.517619403386
0.118	1.516634503137
0.119	1.515651175250
0.120	1.514669415713
0.121	1.513689220529
0.122	1.512710585712
0.123	1.511733507292
0.124	1.510757981313
0.125	1.509784003832
0.126	1.508811570920
0.127	1.507840678661
0.128	1.506871323154
0.129	1.505903500510
0.130	1.504937206854
0.131	1.503972438324
0.132	1.503009191073
0.133	1.502047461266
0.134	1.501087245080
0.135	1.500128538707
0.136	1.499171338352
0.137	1.498215640233
0.138	1.497261440579
0.139	1.496308735635
0.140	1.495357521656
0.141	1.494407794913
0.142	1.493459551686
0.143	1.492512788271
0.144	1.491567500975
0.145	1.490623686117
0.146	1.489681340032
0.147	1.488740459062
0.148	1.487801039567
0.149	1.486863077914
0.150	1.485926570488
0.151	1.484991513682
0.152	1.484057903902
0.153	1.483125737568
0.154	1.482195011111
0.155	1.481265720973
0.156	1.480337863609
0.157	1.479411435487
0.158	1.478486433086
0.159	1.477562852896
0.160	1.476640691419
0.161	1.475719945171
0.162	1.474800610677
0.163	1.473882684474
0.164	1.472966163113
0.165	1.472051043155
0.166	1.471137321170
0.167	1.470224993745
0.168	1.469314057473
0.169	1.468404508961
0.170	1.467496344828
0.171	1.466589561703
0.172	1.465684156226
0.173	1.464780125049
0.174	1.463877464835
0.175	1.462976172258
0.176	1.462076244002
0.177	1.461177676764
0.178	1.460280467250
0.179	1.459384612179
0.180	1.458490108279
0.181	1.457596952289
0.182	1.456705140960
0.183	1.455814671052
0.184	1.454925539338
0.185	1.454037742599
0.186	1.453151277628
0.187	1.452266141229
0.188	1.451382330216
0.189	1.450499841413
0.190	1.449618671654
0.191	1.448738817786
0.192	1.447860276662
0.193	1.446983045150
0.194	1.446107120124
0.195	1.445232498472
0.196	1.444359177089
0.197	1.443487152882
0.198	1.442616422768
0.199	1.441746983673
0.200	1.440878832533
0.201	1.440011966295
0.202	1.439146381916
0.203	1.438282076362
0.204	1.437419046608
0.205	1.436557289641
0.206	1.435696802456
0.207	1.434837582059
0.208	1.433979625465
0.209	1.433122929698
0.210	1.432267491793
0.211	1.431413308793
0.212	1.430560377751
0.213	1.429708695731
0.214	1.428858259804
0.215	1.428009067052
0.216	1.427161114567
0.217	1.426314399447
0.218	1.425468918804
0.219	1.424624669755
0.220	1.423781649429
0.221	1.422939854962
0.222	1.422099283502
0.223	1.421259932203
0.224	1.420421798230
0.225	1.419584878756
0.226	1.418749170964
0.227	1.417914672045
0.228	1.417081379200
0.229	1.416249289637
0.230	1.415418400575
0.231	1.414588709241
0.232	1.413760212870
0.233	1.412932908706
0.234	1.412106794004
0.235	1.411281866023
0.236	1.410458122035
0.237	1.409635559319
0.238	1.408814175162
0.239	1.407993966860
0.240	1.407174931718
0.241	1.406357067049
0.242	1.405540370173
0.243	1.404724838422
0.244	1.403910469133
0.245	1.403097259653
0.246	1.402285207336
0.247	1.401474309545
0.248	1.400664563653
0.249	1.399855967038
0.250	1.399048517087
0.251	1.398242211198
0.252	1.397437046773
0.253	1.396633021226
0.254	1.395830131974
0.255	1.395028376448
0.256	1.394227752082
0.257	1.393428256321
0.258	1.392629886616
0.259	1.391832640427
0.260	1.391036515222
0.261	1.390241508476
0.262	1.389447617673
0.263	1.388654840302
0.264	1.387863173864
0.265	1.387072615863
0.266	1.386283163815
0.267	1.385494815241
0.268	1.384707567671
0.269	1.383921418640
0.270	1.383136365693
0.271	1.382352406383
0.272	1.381569538269
0.273	1.380787758918
0.274	1.380007065903
0.275	1.379227456808
0.276	1.378448929220
0.277	1.377671480736
0.278	1.376895108960
0.279	1.376119811503
0.280	1.375345585984
0.281	1.374572430027
0.282	1.373800341266
0.283	1.373029317341
0.284	1.372259355898
0.285	1.371490454592
0.286	1.370722611084
0.287	1.369955823043
0.288	1.369190088144
0.289	1.368425404069
0.290	1.367661768508
0.291	1.366899179157
0.292	1.366137633719
0.293	1.365377129905
0.294	1.364617665432
0.295	1.363859238024
0.296	1.363101845411
0.297	1.362345485331
0.298	1.361590155529
0.299	1.360835853756
0.300	1.360082577769
0.301	1.359330325333
0.302	1.358579094220
0.303	1.357828882206
0.304	1.357079687078
0.305	1.356331506626
0.306	1.355584338647
0.307	1.354838180945
0.308	1.354093031333
0.309	1.353348887626
0.310	1.352605747649
0.311	1.351863609232
0.312	1.351122470211
0.313	1.350382328429
0.314	1.349643181737
0.315	1.348905027989
0.316	1.348167865049
0.317	1.347431690783
0.318	1.346696503067
0.319	1.345962299783
0.320	1.345229078816
0.321	1.344496838061
0.322	1.343765575417
0.323	1.343035288791
0.324	1.342305976093
0.325	1.341577635242
0.326	1.340850264162
0.327	1.340123860784
0.328	1.339398423044
0.329	1.338673948883
0.330	1.337950436251
0.331	1.337227883102
0.332	1.336506287395
0.333	1.335785647098
0.334	1.335065960183
0.335	1.334347224627
0.336	1.333629438414
0.337	1.332912599535
0.338	1.332196705984
0.339	1.331481755764
0.340	1.330767746882
0.341	1.330054677350
0.342	1.329342545188
0.343	1.328631348420
0.344	1.327921085076
0.345	1.327211753192
0.346	1.326503350809
0.347	1.325795875976
0.348	1.325089326744
0.349	1.324383701172
0.350	1.323678997325
0.351	1.322975213271
0.352	1.322272347086
0.353	1.321570396851
0.354	1.320869360652
0.355	1.320169236580
0.356	1.319470022733
0.357	1.318771717212
0.358	1.318074318127
0.359	1.317377823591
0.360	1.316682231721
0.361	1.315987540643
0.362	1.315293748486
0.363	1.314600853385
0.364	1.313908853480
0.365	1.313217746916
0.366	1.312527531844
0.367	1.311838206419
0.368	1.311149768804
0.369	1.310462217165
0.370	1.309775549672
0.371	1.309089764503
0.372	1.308404859840
0.373	1.307720833870
0.374	1.307037684784
0.375	1.306355410781
0.376	1.305674010063
0.377	1.304993480836
0.378	1.304313821314
0.379	1.303635029714
0.380	1.302957104258
0.381	1.302280043174
0.382	1.301603844695
0.383	1.300928507057
0.384	1.300254028504
0.385	1.299580407282
0.386	1.298907641645
0.387	1.298235729848
0.388	1.297564670153
0.389	1.296894460829
0.390	1.296225100146
0.391	1.295556586381
0.392	1.294888917815
0.393	1.294222092733
0.394	1.293556109428
0.395	1.292890966195
0.396	1.292226661333
0.397	1.291563193149
0.398	1.290900559951
0.399	1.290238760054
0.400	1.289577791777
0.401	1.288917653445
0.402	1.288258343384
0.403	1.287599859929
0.404	1.286942201417
0.405	1.286285366191
0.406	1.285629352596
0.407	1.284974158984
0.408	1.284319783711
0.409	1.283666225138
0.410	1.283013481629
0.411	1.282361551554
0.412	1.281710433287
0.413	1.281060125206
0.414	1.280410625693
0.415	1.279761933136
0.416	1.279114045927
0.417	1.278466962461
0.418	1.277820681140
0.419	1.277175200367
0.420	1.276530518552
0.421	1.275886634108
0.422	1.275243545453
0.423	1.274601251010
0.424	1.273959749204
0.425	1.273319038466
0.426	1.272679117232
0.427	1.272039983940
0.428	1.271401637033
0.429	1.270764074960
0.430	1.270127296173
0.431	1.269491299126
0.432	1.268856082281
0.433	1.268221644102
0.434	1.267587983057
0.435	1.266955097620
0.436	1.266322986266
0.437	1.265691647477
0.438	1.265061079738
0.439	1.264431281537
0.440	1.263802251368
0.441	1.263173987728
0.442	1.262546489119
0.443	1.261919754045
0.444	1.261293781016
0.445	1.260668568544
0.446	1.260044115148
0.447	1.259420419348
0.448	1.258797479670
0.449	1.258175294642
0.450	1.257553862798
0.451	1.256933182674
0.452	1.256313252811
0.453	1.255694071755
0.454	1.255075638053
0.455	1.254457950259
0.456	1.253841006927
0.457	1.253224806620
0.458	1.252609347899
0.459	1.251994629334
0.460	1.251380649496
0.461	1.250767406960
0.462	1.250154900305
0.463	1.249543128115
0.464	1.248932088975
0.465	1.248321781476
0.466	1.247712204213
0.467	1.247103355783
0.468	1.246495234787
0.469	1.245887839832
0.470	1.245281169524
0.471	1.244675222478
0.472	1.244069997309
0.473	1.243465492638
0.474	1.242861707087
0.475	1.242258639283
0.476	1.241656287857
0.477	1.241054651444
0.478	1.240453728681
0.479	1.239853518210
0.480	1.239254018675
0.481	1.238655228724
0.482	1.238057147011
0.483	1.237459772190
0.484	1.236863102921
0.485	1.236267137865
0.486	1.235671875689
0.487	1.235077315063
0.488	1.234483454658
0.489	1.233890293153
0.490	1.233297829225
0.491	1.232706061559
0.492	1.232114988841
0.493	1.231524609762
0.494	1.230934923014
0.495	1.230345927294
0.496	1.229757621304
0.497	1.229170003745
0.498	1.228583073325
0.499	1.227996828754
0.500	1.227411268747
0.501	1.226826392018
0.502	1.226242197290
0.503	1.225658683285
0.504	1.225075848729
0.505	1.224493692354
0.506	1.223912212892
0.507	1.223331409079
0.508	1.222751279656
0.509	1.222171823366
0.510	1.221593038954
0.511	1.221014925170
0.512	1.220437480767
0.513	1.219860704500
0.514	1.219284595129
0.515	1.218709151415
0.516	1.218134372124
0.517	1.217560256024
0.518	1.216986801887
0.519	1.216414008488
0.520	1.215841874604
0.521	1.215270399016
0.522	1.214699580509
0.523	1.214129417869
0.524	1.213559909886
0.525	1.212991055354
0.526	1.212422853070
0.527	1.211855301832
0.528	1.211288400442
0.529	1.210722147707
0.530	1.210156542435
0.531	1.209591583436
0.532	1.209027269526
0.533	1.208463599522
0.534	1.207900572245
0.535	1.207338186517
0.536	1.206776441165
0.537	1.206215335018
0.538	1.205654866909
0.539	1.205095035673
0.540	1.204535840147
0.541	1.203977279173
0.542	1.203419351595
0.543	1.202862056259
0.544	1.202305392015
0.545	1.201749357715
0.546	1.201193952215
0.547	1.200639174374
0.548	1.200085023052
0.549	1.199531497113
0.550	1.198978595425
0.551	1.198426316856
0.552	1.197874660279
0.553	1.197323624569
0.554	1.196773208605
0.555	1.196223411267
0.556	1.195674231439
0.557	1.195125668006
0.558	1.194577719859
0.559	1.194030385889
0.560	1.193483664990
0.561	1.192937556061
0.562	1.192392058000
0.563	1.191847169711
0.564	1.191302890099
0.565	1.190759218073
0.566	1.190216152543
0.567	1.189673692423
0.568	1.189131836630
0.569	1.188590584081
0.570	1.188049933699
0.571	1.187509884407
0.572	1.186970435133
0.573	1.186431584807
0.574	1.185893332359
0.575	1.185355676726
0.576	1.184818616843
0.577	1.184282151652
0.578	1.183746280095
0.579	1.183211001116
0.580	1.182676313664
0.581	1.182142216689
0.582	1.181608709144
0.583	1.181075789983
0.584	1.180543458165
0.585	1.180011712651
0.586	1.179480552403
0.587	1.178949976387
0.588	1.178419983570
0.589	1.177890572924
0.590	1.177361743421
0.591	1.176833494037
0.592	1.176305823750
0.593	1.175778731540
0.594	1.175252216391
0.595	1.174726277287
0.596	1.174200913216
0.597	1.173676123170
0.598	1.173151906139
0.599	1.172628261121
0.600	1.172105187111
0.601	1.171582683111
0.602	1.171060748123
0.603	1.170539381150
0.604	1.170018581202
0.605	1.169498347286
0.606	1.168978678416
0.607	1.168459573605
0.608	1.167941031870
0.609	1.167423052231
0.610	1.166905633708
0.611	1.166388775325
0.612	1.165872476109
0.613	1.165356735087
0.614	1.164841551291
0.615	1.164326923753
0.616	1.163812851510
0.617	1.163299333598
0.618	1.162786369057
0.619	1.162273956930
0.620	1.161762096261
0.621	1.161250786098
0.622	1.160740025488
0.623	1.160229813483
0.624	1.159720149137
0.625	1.159211031506
0.626	1.158702459648
0.627	1.158194432622
0.628	1.157686949492
0.629	1.157180009322
0.630	1.156673611179
0.631	1.156167754132
0.632	1.155662437253
0.633	1.155157659615
0.634	1.154653420293
0.635	1.154149718366
0.636	1.153646552913
0.637	1.153143923017
0.638	1.152641827763
0.639	1.152140266236
0.640	1.151639237525
0.641	1.151138740722
0.642	1.150638774919
0.643	1.150139339211
0.644	1.149640432695
0.645	1.149142054471
0.646	1.148644203640
0.647	1.148146879306
0.648	1.147650080574
0.649	1.147153806552
0.650	1.146658056349
0.651	1.146162829078
0.652	1.145668123853
0.653	1.145173939789
0.654	1.144680276005
0.655	1.144187131620
0.656	1.143694505757
0.657	1.143202397540
0.658	1.142710806095
0.659	1.142219730551
0.660	1.141729170037
0.661	1.141239123686
0.662	1.140749590633
0.663	1.140260570014
0.664	1.139772060966
0.665	1.139284062630
0.666	1.138796574149
0.667	1.138309594667
0.668	1.137823123330
0.669	1.137337159287
0.670	1.136851701686
0.671	1.136366749681
0.672	1.135882302426
0.673	1.135398359077
0.674	1.134914918791
0.675	1.134431980728
0.676	1.133949544052
0.677	1.133467607924
0.678	1.132986171511
0.679	1.132505233981
0.680	1.132024794502
0.681	1.131544852247
0.682	1.131065406388
0.683	1.130586456102
0.684	1.130108000564
0.685	1.129630038954
0.686	1.129152570452
0.687	1.128675594242
0.688	1.128199109508
0.689	1.127723115437
0.690	1.127247611216
0.691	1.126772596035
0.692	1.126298069088
0.693	1.125824029567
0.694	1.125350476668
0.695	1.124877409588
0.696	1.124404827527
0.697	1.123932729687
0.698	1.123461115269
0.699	1.122989983478
0.700	1.122519333522
0.701	1.122049164608
0.702	1.121579475946
0.703	1.121110266749
0.704	1.120641536230
0.705	1.120173283604
0.706	1.119705508088
0.707	1.119238208902
0.708	1.118771385266
0.709	1.118305036403
0.710	1.117839161537
0.711	1.117373759894
0.712	1.116908830701
0.713	1.116444373189
0.714	1.115980386587
0.715	1.115516870130
0.716	1.115053823051
0.717	1.114591244587
0.718	1.114129133976
0.719	1.113667490459
0.720	1.113206313275
0.721	1.112745601668
0.722	1.112285354884
0.723	1.111825572169
0.724	1.111366252770
0.725	1.110907395938
0.726	1.110449000924
0.727	1.109991066982
0.728	1.109533593366
0.729	1.109076579332
0.730	1.108620024140
0.731	1.108163927049
0.732	1.107708287319
0.733	1.107253104216
0.734	1.106798377002
0.735	1.106344104945
0.736	1.105890287312
0.737	1.105436923373
0.738	1.104984012399
0.739	1.104531553664
0.740	1.104079546441
0.741	1.103627990007
0.742	1.103176883639
0.743	1.102726226616
0.744	1.102276018220
0.745	1.101826257732
0.746	1.101376944437
0.747	1.100928077620
0.748	1.100479656568
0.749	1.100031680571
0.750	1.099584148918
0.751	1.099137060900
0.752	1.098690415812
0.753	1.098244212949
0.754	1.097798451606
0.755	1.097353131082
0.756	1.096908250677
0.757	1.096463809691
0.758	1.096019807427
0.759	1.095576243189
0.760	1.095133116283
0.761	1.094690426015
0.762	1.094248171696
0.763	1.093806352633
0.764	1.093364968141
0.765	1.092924017531
0.766	1.092483500118
0.767	1.092043415219
0.768	1.091603762150
0.769	1.091164540232
0.770	1.090725748784
0.771	1.090287387129
0.772	1.089849454591
0.773	1.089411950494
0.774	1.088974874164
0.775	1.088538224930
0.776	1.088102002122
0.777	1.087666205069
0.778	1.087230833105
0.779	1.086795885562
0.780	1.086361361777
0.781	1.085927261085
0.782	1.085493582824
0.783	1.085060326335
0.784	1.084627490958
0.785	1.084195076034
0.786	1.083763080909
0.787	1.083331504927
0.788	1.082900347434
0.789	1.082469607779
0.790	1.082039285310
0.791	1.081609379379
0.792	1.081179889337
0.793	1.080750814538
0.794	1.080322154337
0.795	1.079893908090
0.796	1.079466075155
0.797	1.079038654890
0.798	1.078611646656
0.799	1.078185049816
0.800	1.077758863731
0.801	1.077333087766
0.802	1.076907721287
0.803	1.076482763662
0.804	1.076058214258
0.805	1.075634072446
0.806	1.075210337596
0.807	1.074787009082
0.808	1.074364086277
0.809	1.073941568556
0.810	1.073519455295
0.811	1.073097745874
0.812	1.072676439669
0.813	1.072255536063
0.814	1.071835034437
0.815	1.071414934174
0.816	1.070995234658
0.817	1.070575935275
0.818	1.070157035411
0.819	1.069738534456
0.820	1.069320431799
0.821	1.068902726830
0.822	1.068485418942
0.823	1.068068507528
0.824	1.067651991982
0.825	1.067235871701
0.826	1.066820146082
0.827	1.066404814524
0.828	1.065989876425
0.829	1.065575331187
0.830	1.065161178213
0.831	1.064747416905
0.832	1.064334046669
0.833	1.063921066911
0.834	1.063508477037
0.835	1.063096276456
0.836	1.062684464579
0.837	1.062273040815
0.838	1.061862004577
0.839	1.061451355279
0.840	1.061041092335
0.841	1.060631215161
0.842	1.060221723174
0.843	1.059812615792
0.844	1.059403892435
0.845	1.058995552523
0.846	1.058587595479
0.847	1.058180020725
0.848	1.057772827685
0.849	1.057366015786
0.850	1.056959584453
0.851	1.056553533116
0.852	1.056147861202
0.853	1.055742568141
0.854	1.055337653367
0.855	1.054933116310
0.856	1.054528956404
0.857	1.054125173086
0.858	1.053721765790
0.859	1.053318733954
0.860	1.052916077016
0.861	1.052513794416
0.862	1.052111885594
0.863	1.051710349993
0.864	1.051309187056
0.865	1.050908396226
0.866	1.050507976949
0.867	1.050107928671
0.868	1.049708250840
0.869	1.049308942905
0.870	1.048910004315
0.871	1.048511434522
0.872	1.048113232977
0.873	1.047715399133
0.874	1.047317932446
0.875	1.046920832370
0.876	1.046524098362
0.877	1.046127729880
0.878	1.045731726382
0.879	1.045336087329
0.880	1.044940812181
0.881	1.044545900400
0.882	1.044151351449
0.883	1.043757164794
0.884	1.043363339898
0.885	1.042969876229
0.886	1.042576773254
0.887	1.042184030441
0.888	1.041791647261
0.889	1.041399623184
0.890	1.041007957681
0.891	1.040616650227
0.892	1.040225700294
0.893	1.039835107358
0.894	1.039444870894
0.895	1.039054990381
0.896	1.038665465296
0.897	1.038276295118
0.898	1.037887479328
0.899	1.037499017407
0.900	1.037110908837
0.901	1.036723153102
0.902	1.036335749687
0.903	1.035948698076
0.904	1.035561997757
0.905	1.035175648217
0.906	1.034789648944
0.907	1.034403999429
0.908	1.034018699162
0.909	1.033633747634
0.910	1.033249144338
0.911	1.032864888769
0.912	1.032480980420
0.913	1.032097418788
0.914	1.031714203369
0.915	1.031331333661
0.916	1.030948809163
0.917	1.030566629374
0.918	1.030184793796
0.919	1.029803301929
0.920	1.029422153277
0.921	1.029041347344
0.922	1.028660883635
0.923	1.028280761654
0.924	1.027900980908
0.925	1.027521540906
0.926	1.027142441157
0.927	1.026763681168
0.928	1.026385260452
0.929	1.026007178520
0.930	1.025629434884
0.931	1.025252029058
0.932	1.024874960556
0.933	1.024498228894
0.934	1.024121833589
0.935	1.023745774156
0.936	1.023370050116
0.937	1.022994660987
0.938	1.022619606288
0.939	1.022244885543
0.940	1.021870498272
0.941	1.021496443998
0.942	1.021122722246
0.943	1.020749332540
0.944	1.020376274407
0.945	1.020003547373
0.946	1.019631150965
0.947	1.019259084713
0.948	1.018887348146
0.949	1.018515940795
0.950	1.018144862190
0.951	1.017774111865
0.952	1.017403689352
0.953	1.017033594185
0.954	1.016663825901
0.955	1.016294384034
0.956	1.015925268121
0.957	1.015556477701
0.958	1.015188012312
0.959	1.014819871494
0.960	1.014452054786
0.961	1.014084561732
0.962	1.013717391872
0.963	1.013350544750
0.964	1.012984019910
0.965	1.012617816897
0.966	1.012251935257
0.967	1.011886374537
0.968	1.011521134284
0.969	1.011156214046
0.970	1.010791613373
0.971	1.010427331816
0.972	1.010063368925
0.973	1.009699724252
0.974	1.009336397350
0.975	1.008973387773
0.976	1.008610695076
0.977	1.008248318813
0.978	1.007886258542
0.979	1.007524513819
0.980	1.007163084202
0.981	1.006801969250
0.982	1.006441168523
0.983	1.006080681582
0.984	1.005720507987
0.985	1.005360647301
0.986	1.005001099088
0.987	1.004641862910
0.988	1.004282938334
0.989	1.003924324923
0.990	1.003566022246
0.991	1.003208029868
0.992	1.002850347359
0.993	1.002492974287
0.994	1.002135910222
0.995	1.001779154735
0.996	1.001422707396
0.997	1.001066567778
0.998	1.000710735455
0.999	1.000355209999
1.000	0.999999989827
1.001	0.999645076833
1.002	0.999290469432
1.003	0.998936167204
1.004	0.998582169724
1.005	0.998228476573
1.006	0.997875087329
1.007	0.997522001573
1.008	0.997169218887
1.009	0.996816738851
1.010	0.996464561049
1.011	0.996112685064
1.012	0.995761110481
1.013	0.995409836884
1.014	0.995058863859
1.015	0.994708190994
1.016	0.994357817875
1.017	0.994007744091
1.018	0.993657969230
1.019	0.993308492883
1.020	0.992959314639
1.021	0.992610434091
1.022	0.992261850831
1.023	0.991913564450
1.024	0.991565574544
1.025	0.991217880705
1.026	0.990870482530
1.027	0.990523379615
1.028	0.990176571555
1.029	0.989830057949
1.030	0.989483838394
1.031	0.989137912490
1.032	0.988792279837
1.033	0.988446940034
1.034	0.988101892683
1.035	0.987757137386
1.036	0.987412673746
1.037	0.987068501365
1.038	0.986724619849
1.039	0.986381028802
1.040	0.986037727830
1.041	0.985694716540
1.042	0.985351994538
1.043	0.985009561432
1.044	0.984667416831
1.045	0.984325560344
1.046	0.983983991581
1.047	0.983642710154
1.048	0.983301715673
1.049	0.982961007751
1.050	0.982620586001
1.051	0.982280450037
1.052	0.981940599472
1.053	0.981601033923
1.054	0.981261753005
1.055	0.980922756334
1.056	0.980584043527
1.057	0.980245614204
1.058	0.979907467982
1.059	0.979569604480
1.060	0.979232023320
1.061	0.978894724121
1.062	0.978557706505
1.063	0.978220970095
1.064	0.977884514513
1.065	0.977548339383
1.066	0.977212444329
1.067	0.976876828976
1.068	0.976541492950
1.069	0.976206435877
1.070	0.975871657385
1.071	0.975537157100
1.072	0.975202934652
1.073	0.974868989669
1.074	0.974535321782
1.075	0.974201930621
1.076	0.973868815816
1.077	0.973535977000
1.078	0.973203413806
1.079	0.972871125866
1.080	0.972539112814
1.081	0.972207374285
1.082	0.971875909915
1.083	0.971544719338
1.084	0.971213802191
1.085	0.970883158113
1.086	0.970552786739
1.087	0.970222687710
1.088	0.969892860664
1.089	0.969563305241
1.090	0.969234021081
1.091	0.968905007826
1.092	0.968576265118
1.093	0.968247792599
1.094	0.967919589911
1.095	0.967591656700
1.096	0.967263992608
1.097	0.966936597282
1.098	0.966609470367
1.099	0.966282611509
1.100	0.965956020356
1.101	0.965629696554
1.102	0.965303639753
1.103	0.964977849601
1.104	0.964652325747
1.105	0.964327067842
1.106	0.964002075537
1.107	0.963677348483
1.108	0.963352886332
1.109	0.963028688737
1.110	0.962704755351
1.111	0.962381085828
1.112	0.962057679822
1.113	0.961734536990
1.114	0.961411656986
1.115	0.961089039468
1.116	0.960766684091
1.117	0.960444590515
1.118	0.960122758396
1.119	0.959801187395
1.120	0.959479877171
1.121	0.959158827383
1.122	0.958838037692
1.123	0.958517507761
1.124	0.958197237250
1.125	0.957877225823
1.126	0.957557473142
1.127	0.957237978871
1.128	0.956918742675
1.129	0.956599764219
1.130	0.956281043168
1.131	0.955962579189
1.132	0.955644371947
1.133	0.955326421112
1.134	0.955008726350
1.135	0.954691287329
1.136	0.954374103721
1.137	0.954057175193
1.138	0.953740501416
1.139	0.953424082062
1.140	0.953107916801
1.141	0.952792005306
1.142	0.952476347250
1.143	0.952160942305
1.144	0.951845790146
1.145	0.951530890447
1.146	0.951216242882
1.147	0.950901847128
1.148	0.950587702861
1.149	0.950273809757
1.150	0.949960167494
1.151	0.949646775749
1.152	0.949333634201
1.153	0.949020742529
1.154	0.948708100413
1.155	0.948395707532
1.156	0.948083563567
1.157	0.947771668200
1.158	0.947460021113
1.159	0.947148621987
1.160	0.946837470505
1.161	0.946526566352
1.162	0.946215909212
1.163	0.945905498768
1.164	0.945595334706
1.165	0.945285416712
1.166	0.944975744472
1.167	0.944666317672
1.168	0.944357136002
1.169	0.944048199147
1.170	0.943739506797
1.171	0.943431058640
1.172	0.943122854367
1.173	0.942814893667
1.174	0.942507176231
1.175	0.942199701751
1.176	0.941892469917
1.177	0.941585480422
1.178	0.941278732960
1.179	0.940972227223
1.180	0.940665962905
1.181	0.940359939701
1.182	0.940054157305
1.183	0.939748615413
1.184	0.939443313722
1.185	0.939138251927
1.186	0.938833429726
1.187	0.938528846817
1.188	0.938224502896
1.189	0.937920397664
1.190	0.937616530820
1.191	0.937312902062
1.192	0.937009511091
1.193	0.936706357608
1.194	0.936403441315
1.195	0.936100761913
1.196	0.935798319103
1.197	0.935496112590
1.198	0.935194142076
1.199	0.934892407266
1.200	0.934590907863
1.201	0.934289643573
1.202	0.933988614100
1.203	0.933687819151
1.204	0.933387258432
1.205	0.933086931650
1.206	0.932786838513
1.207	0.932486978727
1.208	0.932187352003
1.209	0.931887958048
1.210	0.931588796572
1.211	0.931289867285
1.212	0.930991169897
1.213	0.930692704120
1.214	0.930394469664
1.215	0.930096466242
1.216	0.929798693566
1.217	0.929501151348
1.218	0.929203839303
1.219	0.928906757144
1.220	0.928609904586
1.221	0.928313281342
1.222	0.928016887129
1.223	0.927720721663
1.224	0.927424784660
1.225	0.927129075836
1.226	0.926833594909
1.227	0.926538341596
1.228	0.926243315617
1.229	0.925948516689
1.230	0.925653944532
1.231	0.925359598866
1.232	0.925065479410
1.233	0.924771585885
1.234	0.924477918013
1.235	0.924184475515
1.236	0.923891258113
1.237	0.923598265529
1.238	0.923305497488
1.239	0.923012953711
1.240	0.922720633923
1.241	0.922428537849
1.242	0.922136665213
1.243	0.921845015741
1.244	0.921553589159
1.245	0.921262385192
1.246	0.920971403568
1.247	0.920680644013
1.248	0.920390106256
1.249	0.920099790025
1.250	0.919809695048
1.251	0.919519821054
1.252	0.919230167772
1.253	0.918940734933
1.254	0.918651522268
1.255	0.918362529506
1.256	0.918073756380
1.257	0.917785202620
1.258	0.917496867960
1.259	0.917208752132
1.260	0.916920854869
1.261	0.916633175904
1.262	0.916345714973
1.263	0.916058471808
1.264	0.915771446145
1.265	0.915484637720
1.266	0.915198046268
1.267	0.914911671526
1.268	0.914625513230
1.269	0.914339571117
1.270	0.914053844925
1.271	0.913768334392
1.272	0.913483039256
1.273	0.913197959257
1.274	0.912913094133
1.275	0.912628443624
1.276	0.912344007471
1.277	0.912059785414
1.278	0.911775777195
1.279	0.911491982554
1.280	0.911208401233
1.281	0.910925032976
1.282	0.910641877524
1.283	0.910358934621
1.284	0.910076204011
1.285	0.909793685438
1.286	0.909511378645
1.287	0.909229283379
1.288	0.908947399384
1.289	0.908665726407
1.290	0.908384264192
1.291	0.908103012488
1.292	0.907821971041
1.293	0.907541139598
1.294	0.907260517907
1.295	0.906980105717
1.296	0.906699902776
1.297	0.906419908833
1.298	0.906140123639
1.299	0.905860546942
1.300	0.905581178493
1.301	0.905302018043
1.302	0.905023065344
1.303	0.904744320146
1.304	0.904465782202
1.305	0.904187451264
1.306	0.903909327084
1.307	0.903631409417
1.308	0.903353698016
1.309	0.903076192634
1.310	0.902798893027
1.311	0.902521798949
1.312	0.902244910155
1.313	0.901968226400
1.314	0.901691747442
1.315	0.901415473037
1.316	0.901139402940
1.317	0.900863536910
1.318	0.900587874705
1.319	0.900312416081
1.320	0.900037160798
1.321	0.899762108615
1.322	0.899487259290
1.323	0.899212612583
1.324	0.898938168255
1.325	0.898663926065
1.326	0.898389885775
1.327	0.898116047146
1.328	0.897842409939
1.329	0.897568973915
1.330	0.897295738839
1.331	0.897022704472
1.332	0.896749870577
1.333	0.896477236918
1.334	0.896204803259
1.335	0.895932569364
1.336	0.895660534998
1.337	0.895388699925
1.338	0.895117063912
1.339	0.894845626724
1.340	0.894574388127
1.341	0.894303347887
1.342	0.894032505773
1.343	0.893761861550
1.344	0.893491414987
1.345	0.893221165852
1.346	0.892951113913
1.347	0.892681258939
1.348	0.892411600699
1.349	0.892142138963
1.350	0.891872873501
1.351	0.891603804083
1.352	0.891334930479
1.353	0.891066252462
1.354	0.890797769801
1.355	0.890529482270
1.356	0.890261389640
1.357	0.889993491683
1.358	0.889725788173
1.359	0.889458278883
1.360	0.889190963586
1.361	0.888923842057
1.362	0.888656914069
1.363	0.888390179398
1.364	0.888123637818
1.365	0.887857289106
1.366	0.887591133036
1.367	0.887325169385
1.368	0.887059397930
1.369	0.886793818446
1.370	0.886528430713
1.371	0.886263234506
1.372	0.885998229605
1.373	0.885733415787
1.374	0.885468792830
1.375	0.885204360515
1.376	0.884940118620
1.377	0.884676066926
1.378	0.884412205211
1.379	0.884148533257
1.380	0.883885050844
1.381	0.883621757753
1.382	0.883358653766
1.383	0.883095738665
1.384	0.882833012232
1.385	0.882570474249
1.386	0.882308124499
1.387	0.882045962765
1.388	0.881783988832
1.389	0.881522202481
1.390	0.881260603499
1.391	0.880999191670
1.392	0.880737966777
1.393	0.880476928608
1.394	0.880216076946
1.395	0.879955411579
1.396	0.879694932292
1.397	0.879434638872
1.398	0.879174531107
1.399	0.878914608782
1.400	0.878654871686
1.401	0.878395319607
1.402	0.878135952333
1.403	0.877876769653
1.404	0.877617771355
1.405	0.877358957229
1.406	0.877100327065
1.407	0.876841880652
1.408	0.876583617781
1.409	0.876325538243
1.410	0.876067641827
1.411	0.875809928326
1.412	0.875552397532
1.413	0.875295049235
1.414	0.875037883229
1.415	0.874780899305
1.416	0.874524097257
1.417	0.874267476879
1.418	0.874011037963
1.419	0.873754780303
1.420	0.873498703694
1.421	0.873242807930
1.422	0.872987092806
1.423	0.872731558117
1.424	0.872476203659
1.425	0.872221029227
1.426	0.871966034617
1.427	0.871711219627
1.428	0.871456584052
1.429	0.871202127690
1.430	0.870947850338
1.431	0.870693751795
1.432	0.870439831857
1.433	0.870186090323
1.434	0.869932526992
1.435	0.869679141663
1.436	0.869425934135
1.437	0.869172904208
1.438	0.868920051681
1.439	0.868667376355
1.440	0.868414878030
1.441	0.868162556508
1.442	0.867910411589
1.443	0.867658443075
1.444	0.867406650767
1.445	0.867155034467
1.446	0.866903593979
1.447	0.866652329104
1.448	0.866401239646
1.449	0.866150325407
1.450	0.865899586192
1.451	0.865649021804
1.452	0.865398632048
1.453	0.865148416728
1.454	0.864898375649
1.455	0.864648508615
1.456	0.864398815433
1.457	0.864149295908
1.458	0.863899949846
1.459	0.863650777054
1.460	0.863401777337
1.461	0.863152950503
1.462	0.862904296359
1.463	0.862655814712
1.464	0.862407505371
1.465	0.862159368144
1.466	0.861911402838
1.467	0.861663609262
1.468	0.861415987226
1.469	0.861168536538
1.470	0.860921257009
1.471	0.860674148447
1.472	0.860427210664
1.473	0.860180443469
1.474	0.859933846674
1.475	0.859687420089
1.476	0.859441163525
1.477	0.859195076795
1.478	0.858949159710
1.479	0.858703412082
1.480	0.858457833723
1.481	0.858212424447
1.482	0.857967184067
1.483	0.857722112395
1.484	0.857477209245
1.485	0.857232474431
1.486	0.856987907768
1.487	0.856743509070
1.488	0.856499278150
1.489	0.856255214826
1.490	0.856011318911
1.491	0.855767590221
1.492	0.855524028573
1.493	0.855280633781
1.494	0.855037405664
1.495	0.854794344037
1.496	0.854551448717
1.497	0.854308719521
1.498	0.854066156268
1.499	0.853823758774
1.500	0.853581526859
1.501	0.853339460339
1.502	0.853097559035
1.503	0.852855822764
1.504	0.852614251346
1.505	0.852372844600
1.506	0.852131602347
1.507	0.851890524405
1.508	0.851649610596
1.509	0.851408860740
1.510	0.851168274657
1.511	0.850927852169
1.512	0.850687593097
1.513	0.850447497262
1.514	0.850207564487
1.515	0.849967794594
1.516	0.849728187405
1.517	0.849488742742
1.518	0.849249460429
1.519	0.849010340289
1.520	0.848771382145
1.521	0.848532585822
1.522	0.848293951142
1.523	0.848055477931
1.524	0.847817166012
1.525	0.847579015212
1.526	0.847341025354
1.527	0.847103196264
1.528	0.846865527768
1.529	0.846628019691
1.530	0.846390671860
1.531	0.846153484100
1.532	0.845916456240
1.533	0.845679588104
1.534	0.845442879522
1.535	0.845206330319
1.536	0.844969940324
1.537	0.844733709364
1.538	0.844497637268
1.539	0.844261723865
1.540	0.844025968982
1.541	0.843790372448
1.542	0.843554934094
1.543	0.843319653748
1.544	0.843084531240
1.545	0.842849566401
1.546	0.842614759059
1.547	0.842380109046
1.548	0.842145616193
1.549	0.841911280330
1.550	0.841677101288
1.551	0.841443078899
1.552	0.841209212995
1.553	0.840975503408
1.554	0.840741949970
1.555	0.840508552513
1.556	0.840275310870
1.557	0.840042224874
1.558	0.839809294358
1.559	0.839576519156
1.560	0.839343899102
1.561	0.839111434028
1.562	0.838879123770
1.563	0.838646968162
1.564	0.838414967038
1.565	0.838183120234
1.566	0.837951427585
1.567	0.837719888925
1.568	0.837488504092
1.569	0.837257272919
1.570	0.837026195245
1.571	0.836795270904
1.572	0.836564499734
1.573	0.836333881572
1.574	0.836103416254
1.575	0.835873103618
1.576	0.835642943502
1.577	0.835412935743
1.578	0.835183080179
1.579	0.834953376649
1.580	0.834723824991
1.581	0.834494425044
1.582	0.834265176647
1.583	0.834036079638
1.584	0.833807133859
1.585	0.833578339147
1.586	0.833349695344
1.587	0.833121202289
1.588	0.832892859823
1.589	0.832664667787
1.590	0.832436626020
1.591	0.832208734365
1.592	0.831980992663
1.593	0.831753400754
1.594	0.831525958482
1.595	0.831298665688
1.596	0.831071522214
1.597	0.830844527903
1.598	0.830617682597
1.599	0.830390986140
1.600	0.830164438374
1.601	0.829938039144
1.602	0.829711788291
1.603	0.829485685662
1.604	0.829259731098
1.605	0.829033924446
1.606	0.828808265549
1.607	0.828582754252
1.608	0.828357390400
1.609	0.828132173839
1.610	0.827907104413
1.611	0.827682181968
1.612	0.827457406351
1.613	0.827232777407
1.614	0.827008294982
1.615	0.826783958924
1.616	0.826559769079
1.617	0.826335725294
1.618	0.826111827416
1.619	0.825888075292
1.620	0.825664468771
1.621	0.825441007699
1.622	0.825217691926
1.623	0.824994521299
1.624	0.824771495668
1.625	0.824548614879
1.626	0.824325878784
1.627	0.824103287231
1.628	0.823880840068
1.629	0.823658537147
1.630	0.823436378316
1.631	0.823214363426
1.632	0.822992492327
1.633	0.822770764870
1.634	0.822549180904
1.635	0.822327740282
1.636	0.822106442854
1.637	0.821885288471
1.638	0.821664276985
1.639	0.821443408248
1.640	0.821222682112
1.641	0.821002098428
1.642	0.820781657050
1.643	0.820561357830
1.644	0.820341200620
1.645	0.820121185274
1.646	0.819901311645
1.647	0.819681579587
1.648	0.819461988952
1.649	0.819242539595
1.650	0.819023231371
1.651	0.818804064132
1.652	0.818585037734
1.653	0.818366152032
1.654	0.818147406880
1.655	0.817928802133
1.656	0.817710337647
1.657	0.817492013277
1.658	0.817273828879
1.659	0.817055784309
1.660	0.816837879422
1.661	0.816620114076
1.662	0.816402488127
1.663	0.816185001432
1.664	0.815967653847
1.665	0.815750445229
1.666	0.815533375437
1.667	0.815316444327
1.668	0.815099651757
1.669	0.814882997586
1.670	0.814666481671
1.671	0.814450103871
1.672	0.814233864044
1.673	0.814017762049
1.674	0.813801797745
1.675	0.813585970991
1.676	0.813370281647
1.677	0.813154729572
1.678	0.812939314625
1.679	0.812724036668
1.680	0.812508895559
1.681	0.812293891159
1.682	0.812079023330
1.683	0.811864291930
1.684	0.811649696822
1.685	0.811435237867
1.686	0.811220914926
1.687	0.811006727859
1.688	0.810792676530
1.689	0.810578760800
1.690	0.810364980531
1.691	0.810151335586
1.692	0.809937825826
1.693	0.809724451115
1.694	0.809511211315
1.695	0.809298106289
1.696	0.809085135902
1.697	0.808872300015
1.698	0.808659598493
1.699	0.808447031200
1.700	0.808234598000
1.701	0.808022298756
1.702	0.807810133333
1.703	0.807598101596
1.704	0.807386203410
1.705	0.807174438640
1.706	0.806962807150
1.707	0.806751308806
1.708	0.806539943473
1.709	0.806328711018
1.710	0.806117611306
1.711	0.805906644203
1.712	0.805695809576
1.713	0.805485107291
1.714	0.805274537214
1.715	0.805064099213
1.716	0.804853793154
1.717	0.804643618905
1.718	0.804433576333
1.719	0.804223665306
1.720	0.804013885691
1.721	0.803804237356
1.722	0.803594720170
1.723	0.803385334000
1.724	0.803176078716
1.725	0.802966954185
1.726	0.802757960278
1.727	0.802549096862
1.728	0.802340363806
1.729	0.802131760982
1.730	0.801923288257
1.731	0.801714945502
1.732	0.801506732586
1.733	0.801298649381
1.734	0.801090695755
1.735	0.800882871580
1.736	0.800675176725
1.737	0.800467611063
1.738	0.800260174464
1.739	0.800052866799
1.740	0.799845687939
1.741	0.799638637757
1.742	0.799431716123
1.743	0.799224922910
1.744	0.799018257989
1.745	0.798811721234
1.746	0.798605312516
1.747	0.798399031708
1.748	0.798192878682
1.749	0.797986853312
1.750	0.797780955471
1.751	0.797575185032
1.752	0.797369541869
1.753	0.797164025855
1.754	0.796958636864
1.755	0.796753374769
1.756	0.796548239446
1.757	0.796343230769
1.758	0.796138348611
1.759	0.795933592848
1.760	0.795728963354
1.761	0.795524460005
1.762	0.795320082675
1.763	0.795115831241
1.764	0.794911705577
1.765	0.794707705559
1.766	0.794503831064
1.767	0.794300081966
1.768	0.794096458143
1.769	0.793892959471
1.770	0.793689585826
1.771	0.793486337084
1.772	0.793283213124
1.773	0.793080213821
1.774	0.792877339054
1.775	0.792674588699
1.776	0.792471962634
1.777	0.792269460737
1.778	0.792067082885
1.779	0.791864828957
1.780	0.791662698830
1.781	0.791460692384
1.782	0.791258809497
1.783	0.791057050047
1.784	0.790855413913
1.785	0.790653900975
1.786	0.790452511111
1.787	0.790251244201
1.788	0.790050100125
1.789	0.789849078761
1.790	0.789648179991
1.791	0.789447403693
1.792	0.789246749749
1.793	0.789046218038
1.794	0.788845808441
1.795	0.788645520838
1.796	0.788445355111
1.797	0.788245311140
1.798	0.788045388807
1.799	0.787845587992
1.800	0.787645908578
1.801	0.787446350446
1.802	0.787246913477
1.803	0.787047597554
1.804	0.786848402558
1.805	0.786649328372
1.806	0.786450374879
1.807	0.786251541961
1.808	0.786052829500
1.809	0.785854237379
1.810	0.785655765482
1.811	0.785457413692
1.812	0.785259181892
1.813	0.785061069966
1.814	0.784863077797
1.815	0.784665205269
1.816	0.784467452265
1.817	0.784269818672
1.818	0.784072304371
1.819	0.783874909248
1.820	0.783677633188
1.821	0.783480476076
1.822	0.783283437795
1.823	0.783086518231
1.824	0.782889717270
1.825	0.782693034797
1.826	0.782496470697
1.827	0.782300024856
1.828	0.782103697160
1.829	0.781907487494
1.830	0.781711395745
1.831	0.781515421800
1.832	0.781319565544
1.833	0.781123826864
1.834	0.780928205647
1.835	0.780732701780
1.836	0.780537315150
1.837	0.780342045643
1.838	0.780146893148
1.839	0.779951857552
1.840	0.779756938742
1.841	0.779562136606
1.842	0.779367451033
1.843	0.779172881909
1.844	0.778978429124
1.845	0.778784092566
1.846	0.778589872123
1.847	0.778395767684
1.848	0.778201779138
1.849	0.778007906374
1.850	0.777814149280
1.851	0.777620507747
1.852	0.777426981663
1.853	0.777233570918
1.854	0.777040275402
1.855	0.776847095004
1.856	0.776654029615
1.857	0.776461079125
1.858	0.776268243424
1.859	0.776075522402
1.860	0.775882915950
1.861	0.775690423958
1.862	0.775498046319
1.863	0.775305782921
1.864	0.775113633658
1.865	0.774921598419
1.866	0.774729677096
1.867	0.774537869582
1.868	0.774346175767
1.869	0.774154595543
1.870	0.773963128803
1.871	0.773771775439
1.872	0.773580535342
1.873	0.773389408406
1.874	0.773198394522
1.875	0.773007493584
1.876	0.772816705485
1.877	0.772626030117
1.878	0.772435467373
1.879	0.772245017147
1.880	0.772054679332
1.881	0.771864453821
1.882	0.771674340509
1.883	0.771484339290
1.884	0.771294450056
1.885	0.771104672702
1.886	0.770915007123
1.887	0.770725453213
1.888	0.770536010866
1.889	0.770346679977
1.890	0.770157460441
1.891	0.769968352152
1.892	0.769779355006
1.893	0.769590468898
1.894	0.769401693723
1.895	0.769213029377
1.896	0.769024475755
1.897	0.768836032753
1.898	0.768647700267
1.899	0.768459478193
1.900	0.768271366427
1.901	0.768083364865
1.902	0.767895473404
1.903	0.767707691941
1.904	0.767520020371
1.905	0.767332458592
1.906	0.767145006500
1.907	0.766957663994
1.908	0.766770430969
1.909	0.766583307324
1.910	0.766396292955
1.911	0.766209387761
1.912	0.766022591640
1.913	0.765835904488
1.914	0.765649326204
1.915	0.765462856687
1.916	0.765276495834
1.917	0.765090243544
1.918	0.764904099715
1.919	0.764718064246
1.920	0.764532137036
1.921	0.764346317984
1.922	0.764160606989
1.923	0.763975003950
1.924	0.763789508766
1.925	0.763604121337
1.926	0.763418841563
1.927	0.763233669342
1.928	0.763048604576
1.929	0.762863647163
1.930	0.762678797004
1.931	0.762494053999
1.932	0.762309418049
1.933	0.762124889054
1.934	0.761940466915
1.935	0.761756151531
1.936	0.761571942805
1.937	0.761387840637
1.938	0.761203844929
1.939	0.761019955581
1.940	0.760836172494
1.941	0.760652495572
1.942	0.760468924714
1.943	0.760285459822
1.944	0.760102100800
1.945	0.759918847548
1.946	0.759735699968
1.947	0.759552657964
1.948	0.759369721437
1.949	0.759186890289
1.950	0.759004164424
1.951	0.758821543745
1.952	0.758639028153
1.953	0.758456617552
1.954	0.758274311845
1.955	0.758092110936
1.956	0.757910014727
1.957	0.757728023123
1.958	0.757546136026
1.959	0.757364353341
1.960	0.757182674971
1.961	0.757001100820
1.962	0.756819630793
1.963	0.756638264793
1.964	0.756457002726
1.965	0.756275844495
1.966	0.756094790005
1.967	0.755913839160
1.968	0.755732991866
1.969	0.755552248028
1.970	0.755371607550
1.971	0.755191070338
1.972	0.755010636296
1.973	0.754830305332
1.974	0.754650077349
1.975	0.754469952254
1.976	0.754289929952
1.977	0.754110010349
1.978	0.753930193352
1.979	0.753750478866
1.980	0.753570866798
1.981	0.753391357054
1.982	0.753211949541
1.983	0.753032644164
1.984	0.752853440832
1.985	0.752674339451
1.986	0.752495339927
1.987	0.752316442168
1.988	0.752137646081
1.989	0.751958951573
1.990	0.751780358552
1.991	0.751601866925
1.992	0.751423476600
1.993	0.751245187485
1.994	0.751066999487
1.995	0.750888912515
1.996	0.750710926477
1.997	0.750533041280
1.998	0.750355256834
1.999	0.750177573047
2.000	0.749999989827
