0.000	1.643934566682
0.001	1.642733591565
0.002	1.641534774888
0.003	1.640338110465
0.004	1.639143592135
0.005	1.637951213761
0.006	1.636760969230
0.007	1.635572852454
0.008	1.634386857366
0.009	1.633202977926
0.010	1.632021208114
0.011	1.630841541936
0.012	1.629663973420
0.013	1.628488496617
0.014	1.627315105602
0.015	1.626143794472
0.016	1.624974557347
0.017	1.623807388369
0.018	1.622642281705
0.019	1.621479231543
0.020	1.620318232091
0.021	1.619159277583
0.022	1.618002362273
0.023	1.616847480437
0.024	1.615694626375
0.025	1.614543794406
0.026	1.613394978873
0.027	1.612248174139
0.028	1.611103374589
0.029	1.609960574629
0.030	1.608819768688
0.031	1.607680951215
0.032	1.606544116678
0.033	1.605409259571
0.034	1.604276374404
0.035	1.603145455710
0.036	1.602016498043
0.037	1.600889495977
0.038	1.599764444106
0.039	1.598641337046
0.040	1.597520169430
0.041	1.596400935916
0.042	1.595283631178
0.043	1.594168249911
0.044	1.593054786832
0.045	1.591943236676
0.046	1.590833594197
0.047	1.589725854170
0.048	1.588620011389
0.049	1.587516060669
0.050	1.586413996841
0.051	1.585313814758
0.052	1.584215509292
0.053	1.583119075333
0.054	1.582024507790
0.055	1.580931801592
0.056	1.579840951686
0.057	1.578751953038
0.058	1.577664800633
0.059	1.576579489473
0.060	1.575496014581
0.061	1.574414370995
0.062	1.573334553776
0.063	1.572256557998
0.064	1.571180378757
0.065	1.570106011165
0.066	1.569033450353
0.067	1.567962691469
0.068	1.566893729680
0.069	1.565826560170
0.070	1.564761178139
0.071	1.563697578808
0.072	1.562635757413
0.073	1.561575709208
0.074	1.560517429464
0.075	1.559460913470
0.076	1.558406156531
0.077	1.557353153970
0.078	1.556301901127
0.079	1.555252393359
0.080	1.554204626039
0.081	1.553158594557
0.082	1.552114294320
0.083	1.551071720752
0.084	1.550030869292
0.085	1.548991735398
0.086	1.547954314541
0.087	1.546918602212
0.088	1.545884593915
0.089	1.544852285172
0.090	1.543821671521
0.091	1.542792748515
0.092	1.541765511725
0.093	1.540739956734
0.094	1.539716079145
0.095	1.538693874575
0.096	1.537673338656
0.097	1.536654467035
0.098	1.535637255378
0.099	1.534621699363
0.100	1.533607794685
0.101	1.532595537052
0.102	1.531584922191
0.103	1.530575945842
0.104	1.529568603759
0.105	1.528562891714
0.106	1.527558805490
0.107	1.526556340889
0.108	1.525555493726
0.109	1.524556259830
0.110	1.523558635046
0.111	1.522562615232
0.112	1.521568196262
0.113	1.520575374026
0.114	1.519584144424
0.115	1.518594503374
0.116	1.517606446807
0.117	1.516619970669
0.118	1.515635070920
0.119	1.514651743533
0.120	1.513669984496
0.121	1.512689789810
0.122	1.511711155493
0.123	1.510734077572
0.124	1.509758552093
0.125	1.508784575111
0.126	1.507812142698
0.127	1.506841250939
0.128	1.505871895931
0.129	1.504904073787
0.130	1.503937780630
0.131	1.502973012600
0.132	1.502009765848
0.133	1.501048036540
0.134	1.500087820854
0.135	1.499129114981
0.136	1.498171915125
0.137	1.497216217505
0.138	1.496262018351
0.139	1.495309313906
0.140	1.494358100427
0.141	1.493408374183
0.142	1.492460131455
0.143	1.491513368540
0.144	1.490568081743
0.145	1.489624267385
0.146	1.488681921799
0.147	1.487741041329
0.148	1.486801622332
0.149	1.485863661180
0.150	1.484927154253
0.151	1.483992097946
0.152	1.483058488666
0.153	1.482126322831
0.154	1.481195596873
0.155	1.480266307234
0.156	1.479338450370
0.157	1.478412022748
0.158	1.477487020846
0.159	1.476563441155
0.160	1.475641280178
0.161	1.474720534429
0.162	1.473801200434
0.163	1.472883274731
0.164	1.471966753870
0.165	1.471051634410
0.166	1.470137912925
0.167	1.469225585999
0.168	1.468314650226
0.169	1.467405102214
0.170	1.466496938581
0.171	1.465590155955
0.172	1.464684750977
0.173	1.463780720300
0.174	1.462878060585
0.175	1.461976768507
0.176	1.461076840751
0.177	1.460178274012
0.178	1.459281064998
0.179	1.458385210426
0.180	1.457490707025
0.181	1.456597551535
0.182	1.455705740705
0.183	1.454815271297
0.184	1.453926140082
0.185	1.453038343842
0.186	1.452151879371
0.187	1.451266743471
0.188	1.450382932958
0.189	1.449500444654
0.190	1.448619275394
0.191	1.447739422025
0.192	1.446860881401
0.193	1.445983650388
0.194	1.445107725862
0.195	1.444233104709
0.196	1.443359783825
0.197	1.442487760118
0.198	1.441617030503
0.199	1.440747591907
0.200	1.439879441267
0.201	1.439012575528
0.202	1.438146991649
0.203	1.437282686594
0.204	1.436419657339
0.205	1.435557900872
0.206	1.434697414186
0.207	1.433838194289
0.208	1.432980238194
0.209	1.432123542926
0.210	1.431268105520
0.211	1.430413923019
0.212	1.429560992477
0.213	1.428709310956
0.214	1.427858875529
0.215	1.427009683276
0.216	1.426161731290
0.217	1.425315016670
0.218	1.424469536526
0.219	1.423625287977
0.220	1.422782268150
0.221	1.421940474182
0.222	1.421099903221
0.223	1.420260552422
0.224	1.419422418948
0.225	1.418585499973
0.226	1.417749792681
0.227	1.416915294261
0.228	1.416082001915
0.229	1.415249912852
0.230	1.414419024290
0.231	1.413589333455
0.232	1.412760837583
0.233	1.411933533919
0.234	1.411107419715
0.235	1.410282492234
0.236	1.409458748746
0.237	1.408636186529
0.238	1.407814802871
0.239	1.406994595069
0.240	1.406175560426
0.241	1.405357696256
0.242	1.404540999880
0.243	1.403725468628
0.244	1.402911099838
0.245	1.402097890857
0.246	1.401285839040
0.247	1.400474941748
0.248	1.399665196355
0.249	1.398856600239
0.250	1.398049150789
0.251	1.397242845399
0.252	1.396437681473
0.253	1.395633656425
0.254	1.394830767673
0.255	1.394029012646
0.256	1.393228388779
0.257	1.392428893517
0.258	1.391630524312
0.259	1.390833278622
0.260	1.390037153917
0.261	1.389242147670
0.262	1.388448257366
0.263	1.387655480495
0.264	1.386863814556
0.265	1.386073257055
0.266	1.385283805506
0.267	1.384495457431
0.268	1.383708210360
0.269	1.382922061828
0.270	1.382137009381
0.271	1.381353050571
0.272	1.380570182956
0.273	1.379788404104
0.274	1.379007711589
0.275	1.378228102992
0.276	1.377449575903
0.277	1.376672127919
0.278	1.375895756642
0.279	1.375120459685
0.280	1.374346234665
0.281	1.373573079208
0.282	1.372800990946
0.283	1.372029967520
0.284	1.371260006576
0.285	1.370491105770
0.286	1.369723262761
0.287	1.368956475219
0.288	1.368190740819
0.289	1.367426057244
0.290	1.366662422182
0.291	1.365899833330
0.292	1.365138288392
0.293	1.364377785077
0.294	1.363618321103
0.295	1.362859894194
0.296	1.362102502081
0.297	1.361346142500
0.298	1.360590813198
0.299	1.359836511923
0.300	1.359083236436
0.301	1.358330984499
0.302	1.357579753885
0.303	1.356829542371
0.304	1.356080347742
0.305	1.355332167789
0.306	1.354585000309
0.307	1.353838843108
0.308	1.353093693994
0.309	1.352349550787
0.310	1.351606411309
0.311	1.350864273391
0.312	1.350123134869
0.313	1.349382993587
0.314	1.348643847394
0.315	1.347905694146
0.316	1.347168531704
0.317	1.346432357938
0.318	1.345697170722
0.319	1.344962967936
0.320	1.344229747469
0.321	1.343497507213
0.322	1.342766245069
0.323	1.342035958942
0.324	1.341306646743
0.325	1.340578306391
0.326	1.339850935811
0.327	1.339124532932
0.328	1.338399095691
0.329	1.337674622030
0.330	1.336951109897
0.331	1.336228557247
0.332	1.335506962040
0.333	1.334786322242
0.334	1.334066635826
0.335	1.333347900769
0.336	1.332630115056
0.337	1.331913276676
0.338	1.331197383624
0.339	1.330482433904
0.340	1.329768425521
0.341	1.329055356488
0.342	1.328343224825
0.343	1.327632028556
0.344	1.326921765711
0.345	1.326212434327
0.346	1.325504032443
0.347	1.324796558109
0.348	1.324090009377
0.349	1.323384384304
0.350	1.322679680956
0.351	1.321975897402
0.352	1.321273031716
0.353	1.320571081980
0.354	1.319870046280
0.355	1.319169922708
0.356	1.318470709359
0.357	1.317772404338
0.358	1.317075005753
0.359	1.316378511715
0.360	1.315682920345
0.361	1.314988229767
0.362	1.314294438109
0.363	1.313601543507
0.364	1.312909544101
0.365	1.312218438036
0.366	1.311528223463
0.367	1.310838898538
0.368	1.310150461422
0.369	1.309462910282
0.370	1.308776243288
0.371	1.308090458619
0.372	1.307405554455
0.373	1.306721528984
0.374	1.306038380398
0.375	1.305356106894
0.376	1.304674706675
0.377	1.303994177947
0.378	1.303314518924
0.379	1.302635727823
0.380	1.301957802867
0.381	1.301280742282
0.382	1.300604544302
0.383	1.299929207164
0.384	1.299254729110
0.385	1.298581108388
0.386	1.297908343249
0.387	1.297236431951
0.388	1.296565372756
0.389	1.295895163931
0.390	1.295225803747
0.391	1.294557290481
0.392	1.293889622414
0.393	1.293222797833
0.394	1.292556815027
0.395	1.291891672293
0.396	1.291227367930
0.397	1.290563900245
0.398	1.289901267546
0.399	1.289239468149
0.400	1.288578500371
0.401	1.287918362538
0.402	1.287259052977
0.403	1.286600570021
0.404	1.285942912008
0.405	1.285286077281
0.406	1.284630064185
0.407	1.283974871072
0.408	1.283320496299
0.409	1.282666938225
0.410	1.282014195216
0.411	1.281362265640
0.412	1.280711147872
0.413	1.280060840290
0.414	1.279411341276
0.415	1.278762649219
0.416	1.278114762509
0.417	1.277467679542
0.418	1.276821398720
0.419	1.276175918446
0.420	1.275531237130
0.421	1.274887353186
0.422	1.274244265030
0.423	1.273601971086
0.424	1.272960469779
0.425	1.272319759541
0.426	1.271679838806
0.427	1.271040706013
0.428	1.270402359605
0.429	1.269764798032
0.430	1.269128019743
0.431	1.268492023196
0.432	1.267856806850
0.433	1.267222369170
0.434	1.266588708625
0.435	1.265955823686
0.436	1.265323712832
0.437	1.264692374542
0.438	1.264061807302
0.439	1.263432009600
0.440	1.262802979931
0.441	1.262174716790
0.442	1.261547218680
0.443	1.260920484105
0.444	1.260294511575
0.445	1.259669299603
0.446	1.259044846706
0.447	1.258421151405
0.448	1.257798212226
0.449	1.257176027697
0.450	1.256554596352
0.451	1.255933916728
0.452	1.255313987365
0.453	1.254694806807
0.454	1.254076373605
0.455	1.253458686309
0.456	1.252841743477
0.457	1.252225543669
0.458	1.251610085448
0.459	1.250995367382
0.460	1.250381388043
0.461	1.249768146006
0.462	1.249155639850
0.463	1.248543868159
0.464	1.247932829518
0.465	1.247322522519
0.466	1.246712945755
0.467	1.246104097824
0.468	1.245495977328
0.469	1.244888582871
0.470	1.244281913063
0.471	1.243675966516
0.472	1.243070741846
0.473	1.242466237674
0.474	1.241862452622
0.475	1.241259385317
0.476	1.240657034391
0.477	1.240055398477
0.478	1.239454476213
0.479	1.238854266241
0.480	1.238254767205
0.481	1.237655977754
0.482	1.237057896540
0.483	1.236460522218
0.484	1.235863853448
0.485	1.235267888892
0.486	1.234672627215
0.487	1.234078067088
0.488	1.233484207182
0.489	1.232891046176
0.490	1.232298582747
0.491	1.231706815581
0.492	1.231115743362
0.493	1.230525364782
0.494	1.229935678533
0.495	1.229346683313
0.496	1.228758377821
0.497	1.228170760761
0.498	1.227583830841
0.499	1.226997586769
0.500	1.226412027260
0.501	1.225827151031
0.502	1.225242956802
0.503	1.224659443296
0.504	1.224076609240
0.505	1.223494453364
0.506	1.222912974401
0.507	1.222332171087
0.508	1.221752042164
0.509	1.221172586372
0.510	1.220593802459
0.511	1.220015689175
0.512	1.219438245271
0.513	1.218861469503
0.514	1.218285360631
0.515	1.217709917416
0.516	1.217135138624
0.517	1.216561023024
0.518	1.215987569386
0.519	1.215414776486
0.520	1.214842643101
0.521	1.214271168012
0.522	1.213700350004
0.523	1.213130187863
0.524	1.212560680380
0.525	1.211991826347
0.526	1.211423624562
0.527	1.210856073823
0.528	1.210289172933
0.529	1.209722920697
0.530	1.209157315923
0.531	1.208592357424
0.532	1.208028044013
0.533	1.207464374509
0.534	1.206901347730
0.535	1.206338962501
0.536	1.205777217649
0.537	1.205216112001
0.538	1.204655644391
0.539	1.204095813654
0.540	1.203536618627
0.541	1.202978058152
0.542	1.202420131073
0.543	1.201862836236
0.544	1.201306172491
0.545	1.200750138691
0.546	1.200194733690
0.547	1.199639956348
0.548	1.199085805525
0.549	1.198532280086
0.550	1.197979378896
0.551	1.197427100827
0.552	1.196875444749
0.553	1.196324409538
0.554	1.195773994073
0.555	1.195224197234
0.556	1.194675017905
0.557	1.194126454972
0.558	1.193578507324
0.559	1.193031173852
0.560	1.192484453453
0.561	1.191938345022
0.562	1.191392847461
0.563	1.190847959671
0.564	1.190303680559
0.565	1.189760009032
0.566	1.189216944001
0.567	1.188674484380
0.568	1.188132629085
0.569	1.187591377036
0.570	1.187050727153
0.571	1.186510678360
0.572	1.185971229586
0.573	1.185432379758
0.574	1.184894127810
0.575	1.184356472675
0.576	1.183819413292
0.577	1.183282948600
0.578	1.182747077542
0.579	1.182211799063
0.580	1.181677112110
0.581	1.181143015634
0.582	1.180609508587
0.583	1.180076589926
0.584	1.179544258607
0.585	1.179012513592
0.586	1.178481353843
0.587	1.177950778326
0.588	1.177420786008
0.589	1.176891375861
0.590	1.176362546857
0.591	1.175834297973
0.592	1.175306628185
0.593	1.174779536474
0.594	1.174253021823
0.595	1.173727083219
0.596	1.173201719647
0.597	1.172676930100
0.598	1.172152713569
0.599	1.171629069049
0.600	1.171105995539
0.601	1.170583492038
0.602	1.170061557548
0.603	1.169540191075
0.604	1.169019391625
0.605	1.168499158209
0.606	1.167979489838
0.607	1.167460385526
0.608	1.166941844290
0.609	1.166423865150
0.610	1.165906447126
0.611	1.165389589242
0.612	1.164873290525
0.613	1.164357550003
0.614	1.163842366706
0.615	1.163327739667
0.616	1.162813667923
0.617	1.162300150510
0.618	1.161787186468
0.619	1.161274774840
0.620	1.160762914671
0.621	1.160251605006
0.622	1.159740844895
0.623	1.159230633390
0.624	1.158720969543
0.625	1.158211852411
0.626	1.157703281052
0.627	1.157195254525
0.628	1.156687771894
0.629	1.156180832223
0.630	1.155674434579
0.631	1.155168578032
0.632	1.154663261651
0.633	1.154158484512
0.634	1.153654245689
0.635	1.153150544261
0.636	1.152647379308
0.637	1.152144749911
0.638	1.151642655155
0.639	1.151141094128
0.640	1.150640065916
0.641	1.150139569612
0.642	1.149639604308
0.643	1.149140169099
0.644	1.148641263082
0.645	1.148142885357
0.646	1.147645035025
0.647	1.147147711190
0.648	1.146650912957
0.649	1.146154639434
0.650	1.145658889731
0.651	1.145163662959
0.652	1.144668958233
0.653	1.144174774668
0.654	1.143681111382
0.655	1.143187967497
0.656	1.142695342133
0.657	1.142203234415
0.658	1.141711643469
0.659	1.141220568424
0.660	1.140730008409
0.661	1.140239962558
0.662	1.139750430004
0.663	1.139261409883
0.664	1.138772901334
0.665	1.138284903498
0.666	1.137797415516
0.667	1.137310436533
0.668	1.136823965695
0.669	1.136338002150
0.670	1.135852545049
0.671	1.135367593543
0.672	1.134883146787
0.673	1.134399203937
0.674	1.133915764150
0.675	1.133432826587
0.676	1.132950390409
0.677	1.132468454780
0.678	1.131987018866
0.679	1.131506081835
0.680	1.131025642855
0.681	1.130545701099
0.682	1.130066255740
0.683	1.129587305952
0.684	1.129108850913
0.685	1.128630889802
0.686	1.128153421800
0.687	1.127676446089
0.688	1.127199961854
0.689	1.126723968282
0.690	1.126248464560
0.691	1.125773449878
0.692	1.125298923430
0.693	1.124824884408
0.694	1.124351332008
0.695	1.123878265427
0.696	1.123405683865
0.697	1.122933586524
0.698	1.122461972605
0.699	1.121990841314
0.700	1.121520191856
0.701	1.121050023441
0.702	1.120580335279
0.703	1.120111126580
0.704	1.119642396560
0.705	1.119174144433
0.706	1.118706369417
0.707	1.118239070730
0.708	1.117772247593
0.709	1.117305899229
0.710	1.116840024862
0.711	1.116374623717
0.712	1.115909695024
0.713	1.115445238010
0.714	1.114981251908
0.715	1.114517735949
0.716	1.114054689370
0.717	1.113592111405
0.718	1.113130001293
0.719	1.112668358274
0.720	1.112207181590
0.721	1.111746470482
0.722	1.111286224197
0.723	1.110826441980
0.724	1.110367123081
0.725	1.109908266748
0.726	1.109449872233
0.727	1.108991938789
0.728	1.108534465672
0.729	1.108077452138
0.730	1.107620897445
0.731	1.107164800853
0.732	1.106709161622
0.733	1.106253979018
0.734	1.105799252303
0.735	1.105344980745
0.736	1.104891163611
0.737	1.104437800171
0.738	1.103984889697
0.739	1.103532431460
0.740	1.103080424736
0.741	1.102628868801
0.742	1.102177762932
0.743	1.101727106408
0.744	1.101276898511
0.745	1.100827138522
0.746	1.100377825726
0.747	1.099928959408
0.748	1.099480538856
0.749	1.099032563357
0.750	1.098585032203
0.751	1.098137944684
0.752	1.097691300096
0.753	1.097245097731
0.754	1.096799336887
0.755	1.096354016863
0.756	1.095909136956
0.757	1.095464696469
0.758	1.095020694704
0.759	1.094577130965
0.760	1.094134004558
0.761	1.093691314789
0.762	1.093249060969
0.763	1.092807242406
0.764	1.092365858412
0.765	1.091924908301
0.766	1.091484391387
0.767	1.091044306987
0.768	1.090604654417
0.769	1.090165432998
0.770	1.089726642049
0.771	1.089288280893
0.772	1.088850348854
0.773	1.088412845256
0.774	1.087975769425
0.775	1.087539120690
0.776	1.087102898381
0.777	1.086667101827
0.778	1.086231730362
0.779	1.085796783318
0.780	1.085362260031
0.781	1.084928159838
0.782	1.084494482077
0.783	1.084061226087
0.784	1.083628391208
0.785	1.083195976784
0.786	1.082763982158
0.787	1.082332406675
0.788	1.081901249681
0.789	1.081470510524
0.790	1.081040188555
0.791	1.080610283122
0.792	1.080180793579
0.793	1.079751719279
0.794	1.079323059577
0.795	1.078894813829
0.796	1.078466981393
0.797	1.078039561627
0.798	1.077612553893
0.799	1.077185957551
0.800	1.076759771965
0.801	1.076333996499
0.802	1.075908630519
0.803	1.075483673393
0.804	1.075059124488
0.805	1.074634983175
0.806	1.074211248824
0.807	1.073787920809
0.808	1.073364998503
0.809	1.072942481281
0.810	1.072520368519
0.811	1.072098659596
0.812	1.071677353891
0.813	1.071256450784
0.814	1.070835949657
0.815	1.070415849893
0.816	1.069996150875
0.817	1.069576851991
0.818	1.069157952627
0.819	1.068739452171
0.820	1.068321350013
0.821	1.067903645543
0.822	1.067486338153
0.823	1.067069427238
0.824	1.066652912192
0.825	1.066236792410
0.826	1.065821067290
0.827	1.065405736230
0.828	1.064990798630
0.829	1.064576253891
0.830	1.064162101416
0.831	1.063748340607
0.832	1.063334970870
0.833	1.062921991611
0.834	1.062509402236
0.835	1.062097202154
0.836	1.061685390776
0.837	1.061273967511
0.838	1.060862931772
0.839	1.060452282973
0.840	1.060042020528
0.841	1.059632143853
0.842	1.059222652364
0.843	1.058813545481
0.844	1.058404822623
0.845	1.057996483210
0.846	1.057588526665
0.847	1.057180952410
0.848	1.056773759869
0.849	1.056366948469
0.850	1.055960517635
0.851	1.055554466796
0.852	1.055148795381
0.853	1.054743502820
0.854	1.054338588544
0.855	1.053934051986
0.856	1.053529892580
0.857	1.053126109760
0.858	1.052722702963
0.859	1.052319671626
0.860	1.051917015187
0.861	1.051514733086
0.862	1.051112824763
0.863	1.050711289661
0.864	1.050310127223
0.865	1.049909336892
0.866	1.049508918114
0.867	1.049108870335
0.868	1.048709193003
0.869	1.048309885566
0.870	1.047910947476
0.871	1.047512378181
0.872	1.047114177135
0.873	1.046716343791
0.874	1.046318877602
0.875	1.045921778025
0.876	1.045525044516
0.877	1.045128676533
0.878	1.044732673534
0.879	1.044337034980
0.880	1.043941760330
0.881	1.043546849048
0.882	1.043152300597
0.883	1.042758114440
0.884	1.042364290043
0.885	1.041970826873
0.886	1.041577724397
0.887	1.041184982083
0.888	1.040792599402
0.889	1.040400575824
0.890	1.040008910820
0.891	1.039617603865
0.892	1.039226654431
0.893	1.038836061993
0.894	1.038445826029
0.895	1.038055946014
0.896	1.037666421428
0.897	1.037277251749
0.898	1.036888436458
0.899	1.036499975036
0.900	1.036111866965
0.901	1.035724111729
0.902	1.035336708812
0.903	1.034949657701
0.904	1.034562957880
0.905	1.034176608839
0.906	1.033790610066
0.907	1.033404961049
0.908	1.033019661281
0.909	1.032634710252
0.910	1.032250107455
0.911	1.031865852385
0.912	1.031481944535
0.913	1.031098383401
0.914	1.030715168481
0.915	1.030332299272
0.916	1.029949775273
0.917	1.029567595983
0.918	1.029185760904
0.919	1.028804269536
0.920	1.028423121383
0.921	1.028042315949
0.922	1.027661852738
0.923	1.027281731256
0.924	1.026901951010
0.925	1.026522511507
0.926	1.026143412256
0.927	1.025764652766
0.928	1.025386232549
0.929	1.025008151116
0.930	1.024630407979
0.931	1.024253002652
0.932	1.023875934649
0.933	1.023499203486
0.934	1.023122808679
0.935	1.022746749745
0.936	1.022371026204
0.937	1.021995637573
0.938	1.021620583374
0.939	1.021245863127
0.940	1.020871476355
0.941	1.020497422580
0.942	1.020123701327
0.943	1.019750312120
0.944	1.019377254486
0.945	1.019004527951
0.946	1.018632132042
0.947	1.018260066289
0.948	1.017888330221
0.949	1.017516923368
0.950	1.017145845262
0.951	1.016775095436
0.952	1.016404673421
0.953	1.016034578754
0.954	1.015664810968
0.955	1.015295369600
0.956	1.014926254187
0.957	1.014557464265
0.958	1.014188999375
0.959	1.013820859056
0.960	1.013453042847
0.961	1.013085550291
0.962	1.012718380930
0.963	1.012351534307
0.964	1.011985009966
0.965	1.011618807452
0.966	1.011252926311
0.967	1.010887366090
0.968	1.010522126335
0.969	1.010157206596
0.970	1.009792606423
0.971	1.009428325364
0.972	1.009064362972
0.973	1.008700718798
0.974	1.008337392395
0.975	1.007974383317
0.976	1.007611691119
0.977	1.007249315355
0.978	1.006887255582
0.979	1.006525511358
0.980	1.006164082240
0.981	1.005802967787
0.982	1.005442167559
0.983	1.005081681116
0.984	1.004721508020
0.985	1.004361647834
0.986	1.004002100119
0.987	1.003642864440
0.988	1.003283940362
0.989	1.002925327451
0.990	1.002567025272
0.991	1.002209033394
0.992	1.001851351383
0.993	1.001493978810
0.994	1.001136915244
0.995	1.000780160255
0.996	1.000423713415
0.997	1.000067574296
0.998	0.999711742472
0.999	0.999356217515
1.000	0.999000999001
1.001	0.998646086505
1.002	0.998291479604
1.003	0.997937177874
1.004	0.997583180893
1.005	0.997229488240
1.006	0.996876099496
1.007	0.996523014239
1.008	0.996170232051
1.009	0.995817752514
1.010	0.995465575211
1.011	0.995113699725
1.012	0.994762125640
1.013	0.994410852542
1.014	0.994059880017
1.015	0.993709207650
1.016	0.993358835030
1.017	0.993008761744
1.018	0.992658987382
1.019	0.992309511534
1.020	0.991960333789
1.021	0.991611453740
1.022	0.991262870978
1.023	0.990914585097
1.024	0.990566595689
1.025	0.990218902349
1.026	0.989871504673
1.027	0.989524402257
1.028	0.989177594696
1.029	0.988831081588
1.030	0.988484862533
1.031	0.988138937127
1.032	0.987793304973
1.033	0.987447965669
1.034	0.987102918817
1.035	0.986758164018
1.036	0.986413700877
1.037	0.986069528995
1.038	0.985725647978
1.039	0.985382057430
1.040	0.985038756957
1.041	0.984695746165
1.042	0.984353024662
1.043	0.984010592054
1.044	0.983668447952
1.045	0.983326591964
1.046	0.982985023701
1.047	0.982643742772
1.048	0.982302748790
1.049	0.981962041367
1.050	0.981621620116
1.051	0.981281484650
1.052	0.980941634585
1.053	0.980602069534
1.054	0.980262789114
1.055	0.979923792942
1.056	0.979585080635
1.057	0.979246651810
1.058	0.978908506086
1.059	0.978570643084
1.060	0.978233062422
1.061	0.977895763722
1.062	0.977558746605
1.063	0.977222010694
1.064	0.976885555611
1.065	0.976549380979
1.066	0.976213486424
1.067	0.975877871570
1.068	0.975542536043
1.069	0.975207479469
1.070	0.974872701475
1.071	0.974538201689
1.072	0.974203979740
1.073	0.973870035256
1.074	0.973536367868
1.075	0.973202977205
1.076	0.972869862899
1.077	0.972537024582
1.078	0.972204461887
1.079	0.971872174445
1.080	0.971540161893
1.081	0.971208423862
1.082	0.970876959990
1.083	0.970545769912
1.084	0.970214853265
1.085	0.969884209685
1.086	0.969553838810
1.087	0.969223740280
1.088	0.968893913732
1.089	0.968564358808
1.090	0.968235075147
1.091	0.967906062391
1.092	0.967577320182
1.093	0.967248848161
1.094	0.966920645972
1.095	0.966592713260
1.096	0.966265049667
1.097	0.965937654840
1.098	0.965610528423
1.099	0.965283670064
1.100	0.964957079410
1.101	0.964630756107
1.102	0.964304699804
1.103	0.963978910151
1.104	0.963653386796
1.105	0.963328129390
1.106	0.963003137583
1.107	0.962678411028
1.108	0.962353949376
1.109	0.962029752279
1.110	0.961705819392
1.111	0.961382150368
1.112	0.961058744861
1.113	0.960735602528
1.114	0.960412723023
1.115	0.960090106003
1.116	0.959767751125
1.117	0.959445658048
1.118	0.959123826428
1.119	0.958802255926
1.120	0.958480946200
1.121	0.958159896911
1.122	0.957839107719
1.123	0.957518578286
1.124	0.957198308274
1.125	0.956878297345
1.126	0.956558545163
1.127	0.956239051391
1.128	0.955919815694
1.129	0.955600837737
1.130	0.955282117185
1.131	0.954963653704
1.132	0.954645446962
1.133	0.954327496625
1.134	0.954009802361
1.135	0.953692363840
1.136	0.953375180730
1.137	0.953058252700
1.138	0.952741579423
1.139	0.952425160567
1.140	0.952108995805
1.141	0.951793084809
1.142	0.951477427251
1.143	0.951162022805
1.144	0.950846871145
1.145	0.950531971944
1.146	0.950217324879
1.147	0.949902929624
1.148	0.949588785855
1.149	0.949274893250
1.150	0.948961251485
1.151	0.948647860239
1.152	0.948334719190
1.153	0.948021828017
1.154	0.947709186399
1.155	0.947396794017
1.156	0.947084650551
1.157	0.946772755683
1.158	0.946461109094
1.159	0.946149710467
1.160	0.945838559484
1.161	0.945527655830
1.162	0.945216999188
1.163	0.944906589243
1.164	0.944596425679
1.165	0.944286508184
1.166	0.943976836443
1.167	0.943667410142
1.168	0.943358228970
1.169	0.943049292614
1.170	0.942740600763
1.171	0.942432153105
1.172	0.942123949330
1.173	0.941815989129
1.174	0.941508272192
1.175	0.941200798210
1.176	0.940893566875
1.177	0.940586577879
1.178	0.940279830916
1.179	0.939973325677
1.180	0.939667061858
1.181	0.939361039152
1.182	0.939055257256
1.183	0.938749715863
1.184	0.938444414670
1.185	0.938139353374
1.186	0.937834531672
1.187	0.937529949261
1.188	0.937225605839
1.189	0.936921501106
1.190	0.936617634760
1.191	0.936314006501
1.192	0.936010616029
1.193	0.935707463045
1.194	0.935404547250
1.195	0.935101868346
1.196	0.934799426036
1.197	0.934497220021
1.198	0.934195250006
1.199	0.933893515695
1.200	0.933592016790
1.201	0.933290752999
1.202	0.932989724025
1.203	0.932688929574
1.204	0.932388369354
1.205	0.932088043071
1.206	0.931787950432
1.207	0.931488091146
1.208	0.931188464920
1.209	0.930889071464
1.210	0.930589910486
1.211	0.930290981698
1.212	0.929992284809
1.213	0.929693819531
1.214	0.929395585573
1.215	0.929097582650
1.216	0.928799810472
1.217	0.928502268754
1.218	0.928204957207
1.219	0.927907875547
1.220	0.927611023487
1.221	0.927314400742
1.222	0.927018007028
1.223	0.926721842061
1.224	0.926425905556
1.225	0.926130197231
1.226	0.925834716802
1.227	0.925539463989
1.228	0.925244438508
1.229	0.924949640079
1.230	0.924655068420
1.231	0.924360723252
1.232	0.924066604295
1.233	0.923772711269
1.234	0.923479043896
1.235	0.923185601896
1.236	0.922892384993
1.237	0.922599392908
1.238	0.922306625365
1.239	0.922014082087
1.240	0.921721762798
1.241	0.921429667223
1.242	0.921137795086
1.243	0.920846146112
1.244	0.920554720028
1.245	0.920263516560
1.246	0.919972535435
1.247	0.919681776379
1.248	0.919391239121
1.249	0.919100923388
1.250	0.918810828909
1.251	0.918520955414
1.252	0.918231302631
1.253	0.917941870291
1.254	0.917652658124
1.255	0.917363665861
1.256	0.917074893233
1.257	0.916786339972
1.258	0.916498005811
1.259	0.916209890481
1.260	0.915921993717
1.261	0.915634315251
1.262	0.915346854818
1.263	0.915059612152
1.264	0.914772586988
1.265	0.914485779062
1.266	0.914199188109
1.267	0.913912813865
1.268	0.913626656068
1.269	0.913340714453
1.270	0.913054988760
1.271	0.912769478726
1.272	0.912484184089
1.273	0.912199104588
1.274	0.911914239962
1.275	0.911629589953
1.276	0.911345154298
1.277	0.911060932740
1.278	0.910776925019
1.279	0.910493130876
1.280	0.910209550055
1.281	0.909926182296
1.282	0.909643027343
1.283	0.909360084939
1.284	0.909077354827
1.285	0.908794836752
1.286	0.908512530459
1.287	0.908230435691
1.288	0.907948552195
1.289	0.907666879716
1.290	0.907385418000
1.291	0.907104166795
1.292	0.906823125846
1.293	0.906542294901
1.294	0.906261673709
1.295	0.905981262018
1.296	0.905701059576
1.297	0.905421066132
1.298	0.905141281436
1.299	0.904861705238
1.300	0.904582337287
1.301	0.904303177336
1.302	0.904024225135
1.303	0.903745480436
1.304	0.903466942991
1.305	0.903188612551
1.306	0.902910488870
1.307	0.902632571702
1.308	0.902354860799
1.309	0.902077355916
1.310	0.901800056808
1.311	0.901522963228
1.312	0.901246074932
1.313	0.900969391677
1.314	0.900692913218
1.315	0.900416639310
1.316	0.900140569713
1.317	0.899864704181
1.318	0.899589042474
1.319	0.899313584349
1.320	0.899038329565
1.321	0.898763277880
1.322	0.898488429054
1.323	0.898213782846
1.324	0.897939339016
1.325	0.897665097325
1.326	0.897391057534
1.327	0.897117219403
1.328	0.896843582694
1.329	0.896570147170
1.330	0.896296912592
1.331	0.896023878724
1.332	0.895751045327
1.333	0.895478412167
1.334	0.895205979007
1.335	0.894933745610
1.336	0.894661711743
1.337	0.894389877169
1.338	0.894118241654
1.339	0.893846804964
1.340	0.893575566866
1.341	0.893304527125
1.342	0.893033685509
1.343	0.892763041785
1.344	0.892492595721
1.345	0.892222347084
1.346	0.891952295644
1.347	0.891682441168
1.348	0.891412783427
1.349	0.891143322190
1.350	0.890874057226
1.351	0.890604988307
1.352	0.890336115202
1.353	0.890067437683
1.354	0.889798955521
1.355	0.889530668488
1.356	0.889262576356
1.357	0.888994678898
1.358	0.888726975887
1.359	0.888459467095
1.360	0.888192152297
1.361	0.887925031266
1.362	0.887658103777
1.363	0.887391369605
1.364	0.887124828524
1.365	0.886858480310
1.366	0.886592324739
1.367	0.886326361586
1.368	0.886060590630
1.369	0.885795011645
1.370	0.885529624410
1.371	0.885264428702
1.372	0.884999424299
1.373	0.884734610980
1.374	0.884469988522
1.375	0.884205556705
1.376	0.883941315309
1.377	0.883677264113
1.378	0.883413402897
1.379	0.883149731441
1.380	0.882886249527
1.381	0.882622956935
1.382	0.882359853447
1.383	0.882096938844
1.384	0.881834212909
1.385	0.881571675425
1.386	0.881309326174
1.387	0.881047164938
1.388	0.880785191503
1.389	0.880523405652
1.390	0.880261807168
1.391	0.880000395837
1.392	0.879739171443
1.393	0.879478133772
1.394	0.879217282610
1.395	0.878956617741
1.396	0.878696138953
1.397	0.878435846031
1.398	0.878175738764
1.399	0.877915816938
1.400	0.877656080341
1.401	0.877396528760
1.402	0.877137161985
1.403	0.876877979803
1.404	0.876618982004
1.405	0.876360168377
1.406	0.876101538711
1.407	0.875843092797
1.408	0.875584830424
1.409	0.875326751384
1.410	0.875068855467
1.411	0.874811142465
1.412	0.874553612169
1.413	0.874296264371
1.414	0.874039098863
1.415	0.873782115438
1.416	0.873525313889
1.417	0.873268694009
1.418	0.873012255591
1.419	0.872755998430
1.420	0.872499922320
1.421	0.872244027054
1.422	0.871988312429
1.423	0.871732778238
1.424	0.871477424279
1.425	0.871222250345
1.426	0.870967256234
1.427	0.870712441743
1.428	0.870457806666
1.429	0.870203350803
1.430	0.869949073950
1.431	0.869694975905
1.432	0.869441056465
1.433	0.869187315430
1.434	0.868933752597
1.435	0.868680367767
1.436	0.868427160738
1.437	0.868174131309
1.438	0.867921279281
1.439	0.867668604453
1.440	0.867416106627
1.441	0.867163785603
1.442	0.866911641183
1.443	0.866659673167
1.444	0.866407881358
1.445	0.866156265557
1.446	0.865904825567
1.447	0.865653561191
1.448	0.865402472231
1.449	0.865151558491
1.450	0.864900819774
1.451	0.864650255885
1.452	0.864399866628
1.453	0.864149651806
1.454	0.863899611225
1.455	0.863649744690
1.456	0.863400052007
1.457	0.863150532980
1.458	0.862901187417
1.459	0.862652015123
1.460	0.862403015904
1.461	0.862154189569
1.462	0.861905535924
1.463	0.861657054776
1.464	0.861408745933
1.465	0.861160609204
1.466	0.860912644396
1.467	0.860664851319
1.468	0.860417229782
1.469	0.860169779592
1.470	0.859922500562
1.471	0.859675392499
1.472	0.859428455214
1.473	0.859181688518
1.474	0.858935092221
1.475	0.858688666134
1.476	0.858442410069
1.477	0.858196323838
1.478	0.857950407251
1.479	0.857704660121
1.480	0.857459082261
1.481	0.857213673484
1.482	0.856968433602
1.483	0.856723362428
1.484	0.856478459777
1.485	0.856233725462
1.486	0.855989159297
1.487	0.855744761097
1.488	0.855500530677
1.489	0.855256467850
1.490	0.855012572434
1.491	0.854768844243
1.492	0.854525283093
1.493	0.854281888800
1.494	0.854038661181
1.495	0.853795600052
1.496	0.853552705231
1.497	0.853309976534
1.498	0.853067413779
1.499	0.852825016784
1.500	0.852582785367
1.501	0.852340719346
1.502	0.852098818540
1.503	0.851857082768
1.504	0.851615511848
1.505	0.851374105601
1.506	0.851132863846
1.507	0.850891786403
1.508	0.850650873092
1.509	0.850410123734
1.510	0.850169538150
1.511	0.849929116161
1.512	0.849688857587
1.513	0.849448762251
1.514	0.849208829975
1.515	0.848969060580
1.516	0.848729453889
1.517	0.848490009725
1.518	0.848250727910
1.519	0.848011608269
1.520	0.847772650623
1.521	0.847533854798
1.522	0.847295220617
1.523	0.847056747905
1.524	0.846818436485
1.525	0.846580286182
1.526	0.846342296823
1.527	0.846104468232
1.528	0.845866800234
1.529	0.845629292656
1.530	0.845391945323
1.531	0.845154758062
1.532	0.844917730700
1.533	0.844680863063
1.534	0.844444154979
1.535	0.844207606274
1.536	0.843971216778
1.537	0.843734986317
1.538	0.843498914719
1.539	0.843263001814
1.540	0.843027247430
1.541	0.842791651395
1.542	0.842556213539
1.543	0.842320933692
1.544	0.842085811682
1.545	0.841850847341
1.546	0.841616040498
1.547	0.841381390983
1.548	0.841146898628
1.549	0.840912563264
1.550	0.840678384721
1.551	0.840444362830
1.552	0.840210497425
1.553	0.839976788336
1.554	0.839743235396
1.555	0.839509838438
1.556	0.839276597293
1.557	0.839043511796
1.558	0.838810581779
1.559	0.838577807075
1.560	0.838345187519
1.561	0.838112722944
1.562	0.837880413184
1.563	0.837648258075
1.564	0.837416257450
1.565	0.837184411144
1.566	0.836952718993
1.567	0.836721180832
1.568	0.836489796497
1.569	0.836258565823
1.570	0.836027488647
1.571	0.835796564805
1.572	0.835565794133
1.573	0.835335176469
1.574	0.835104711650
1.575	0.834874399512
1.576	0.834644239895
1.577	0.834414232634
1.578	0.834184377569
1.579	0.833954674537
1.580	0.833725123377
1.581	0.833495723929
1.582	0.833266476030
1.583	0.833037379520
1.584	0.832808434239
1.585	0.832579640026
1.586	0.832350996721
1.587	0.832122504165
1.588	0.831894162197
1.589	0.831665970659
1.590	0.831437929391
1.591	0.831210038234
1.592	0.830982297030
1.593	0.830754705621
1.594	0.830527263847
1.595	0.830299971551
1.596	0.830072828576
1.597	0.829845834763
1.598	0.829618989956
1.599	0.829392293997
1.600	0.829165746730
1.601	0.828939347997
1.602	0.828713097644
1.603	0.828486995512
1.604	0.828261041448
1.605	0.828035235294
1.606	0.827809576895
1.607	0.827584066096
1.608	0.827358702743
1.609	0.827133486680
1.610	0.826908417752
1.611	0.826683495806
1.612	0.826458720687
1.613	0.826234092242
1.614	0.826009610316
1.615	0.825785274756
1.616	0.825561085409
1.617	0.825337042122
1.618	0.825113144743
1.619	0.824889393117
1.620	0.824665787094
1.621	0.824442326521
1.622	0.824219011247
1.623	0.823995841118
1.624	0.823772815985
1.625	0.823549935695
1.626	0.823327200099
1.627	0.823104609043
1.628	0.822882162380
1.629	0.822659859957
1.630	0.822437701624
1.631	0.822215687233
1.632	0.821993816632
1.633	0.821772089673
1.634	0.821550506206
1.635	0.821329066082
1.636	0.821107769152
1.637	0.820886615268
1.638	0.820665604280
1.639	0.820444736042
1.640	0.820224010404
1.641	0.820003427219
1.642	0.819782986339
1.643	0.819562687617
1.644	0.819342530906
1.645	0.819122516058
1.646	0.818902642928
1.647	0.818682911368
1.648	0.818463321232
1.649	0.818243872373
1.650	0.818024564647
1.651	0.817805397907
1.652	0.817586372007
1.653	0.817367486803
1.654	0.817148742150
1.655	0.816930137901
1.656	0.816711673914
1.657	0.816493350042
1.658	0.816275166142
1.659	0.816057122071
1.660	0.815839217683
1.661	0.815621452835
1.662	0.815403827384
1.663	0.815186341187
1.664	0.814968994101
1.665	0.814751785981
1.666	0.814534716687
1.667	0.814317786076
1.668	0.814100994005
1.669	0.813884340332
1.670	0.813667824915
1.671	0.813451447613
1.672	0.813235208285
1.673	0.813019106788
1.674	0.812803142983
1.675	0.812587316727
1.676	0.812371627881
1.677	0.812156076305
1.678	0.811940661857
1.679	0.811725384397
1.680	0.811510243787
1.681	0.811295239886
1.682	0.811080372554
1.683	0.810865641653
1.684	0.810651047044
1.685	0.810436588587
1.686	0.810222266144
1.687	0.810008079576
1.688	0.809794028746
1.689	0.809580113514
1.690	0.809366333743
1.691	0.809152689296
1.692	0.808939180035
1.693	0.808725805822
1.694	0.808512566520
1.695	0.808299461993
1.696	0.808086492104
1.697	0.807873656716
1.698	0.807660955692
1.699	0.807448388897
1.700	0.807235956195
1.701	0.807023657450
1.702	0.806811492526
1.703	0.806599461287
1.704	0.806387563599
1.705	0.806175799327
1.706	0.805964168336
1.707	0.805752670490
1.708	0.805541305656
1.709	0.805330073699
1.710	0.805118974485
1.711	0.804908007881
1.712	0.804697173752
1.713	0.804486471965
1.714	0.804275902387
1.715	0.804065464884
1.716	0.803855159324
1.717	0.803644985573
1.718	0.803434943499
1.719	0.803225032970
1.720	0.803015253854
1.721	0.802805606017
1.722	0.802596089329
1.723	0.802386703658
1.724	0.802177448872
1.725	0.801968324840
1.726	0.801759331431
1.727	0.801550468513
1.728	0.801341735956
1.729	0.801133133630
1.730	0.800924661403
1.731	0.800716319147
1.732	0.800508106730
1.733	0.800300024022
1.734	0.800092070895
1.735	0.799884247218
1.736	0.799676552862
1.737	0.799468987698
1.738	0.799261551597
1.739	0.799054244431
1.740	0.798847066069
1.741	0.798640016385
1.742	0.798433095250
1.743	0.798226302535
1.744	0.798019638113
1.745	0.797813101856
1.746	0.797606693636
1.747	0.797400413326
1.748	0.797194260799
1.749	0.796988235927
1.750	0.796782338585
1.751	0.796576568644
1.752	0.796370925979
1.753	0.796165410463
1.754	0.795960021970
1.755	0.795754760374
1.756	0.795549625550
1.757	0.795344617370
1.758	0.795139735711
1.759	0.794934980446
1.760	0.794730351451
1.761	0.794525848600
1.762	0.794321471769
1.763	0.794117220833
1.764	0.793913095667
1.765	0.793709096148
1.766	0.793505222150
1.767	0.793301473551
1.768	0.793097850227
1.769	0.792894352052
1.770	0.792690978906
1.771	0.792487730663
1.772	0.792284607201
1.773	0.792081608396
1.774	0.791878734127
1.775	0.791675984271
1.776	0.791473358704
1.777	0.791270857305
1.778	0.791068479951
1.779	0.790866226522
1.780	0.790664096894
1.781	0.790462090946
1.782	0.790260208557
1.783	0.790058449605
1.784	0.789856813970
1.785	0.789655301530
1.786	0.789453912164
1.787	0.789252645753
1.788	0.789051502175
1.789	0.788850481310
1.790	0.788649583037
1.791	0.788448807238
1.792	0.788248153792
1.793	0.788047622579
1.794	0.787847213480
1.795	0.787646926376
1.796	0.787446761147
1.797	0.787246717675
1.798	0.787046795840
1.799	0.786846995523
1.800	0.786647316607
1.801	0.786447758973
1.802	0.786248322503
1.803	0.786049007078
1.804	0.785849812581
1.805	0.785650738893
1.806	0.785451785898
1.807	0.785252953478
1.808	0.785054241515
1.809	0.784855649893
1.810	0.784657178495
1.811	0.784458827203
1.812	0.784260595901
1.813	0.784062484473
1.814	0.783864492802
1.815	0.783666620772
1.816	0.783468868268
1.817	0.783271235172
1.818	0.783073721370
1.819	0.782876326746
1.820	0.782679051184
1.821	0.782481894569
1.822	0.782284856787
1.823	0.782087937722
1.824	0.781891137259
1.825	0.781694455284
1.826	0.781497891682
1.827	0.781301446339
1.828	0.781105119141
1.829	0.780908909974
1.830	0.780712818724
1.831	0.780516845276
1.832	0.780320989519
1.833	0.780125251337
1.834	0.779929630619
1.835	0.779734127250
1.836	0.779538741118
1.837	0.779343472109
1.838	0.779148320113
1.839	0.778953285015
1.840	0.778758366703
1.841	0.778563565066
1.842	0.778368879990
1.843	0.778174311365
1.844	0.777979859078
1.845	0.777785523019
1.846	0.777591303074
1.847	0.777397199133
1.848	0.777203211085
1.849	0.777009338819
1.850	0.776815582224
1.851	0.776621941189
1.852	0.776428415603
1.853	0.776235005357
1.854	0.776041710339
1.855	0.775848530439
1.856	0.775655465549
1.857	0.775462515557
1.858	0.775269680354
1.859	0.775076959830
1.860	0.774884353876
1.861	0.774691862383
1.862	0.774499485242
1.863	0.774307222343
1.864	0.774115073577
1.865	0.773923038837
1.866	0.773731118012
1.867	0.773539310996
1.868	0.773347617679
1.869	0.773156037954
1.870	0.772964571712
1.871	0.772773218846
1.872	0.772581979248
1.873	0.772390852810
1.874	0.772199839425
1.875	0.772008938985
1.876	0.771818151383
1.877	0.771627476513
1.878	0.771436914268
1.879	0.771246464540
1.880	0.771056127223
1.881	0.770865902211
1.882	0.770675789398
1.883	0.770485788676
1.884	0.770295899941
1.885	0.770106123085
1.886	0.769916458005
1.887	0.769726904593
1.888	0.769537462744
1.889	0.769348132353
1.890	0.769158913315
1.891	0.768969805524
1.892	0.768780808877
1.893	0.768591923267
1.894	0.768403148590
1.895	0.768214484742
1.896	0.768025931619
1.897	0.767837489115
1.898	0.767649157127
1.899	0.767460935551
1.900	0.767272824284
1.901	0.767084823220
1.902	0.766896932257
1.903	0.766709151292
1.904	0.766521480220
1.905	0.766333918939
1.906	0.766146467346
1.907	0.765959125338
1.908	0.765771892812
1.909	0.765584769665
1.910	0.765397755794
1.911	0.765210851099
1.912	0.765024055475
1.913	0.764837368822
1.914	0.764650791036
1.915	0.764464322017
1.916	0.764277961662
1.917	0.764091709870
1.918	0.763905566540
1.919	0.763719531569
1.920	0.763533604858
1.921	0.763347786304
1.922	0.763162075807
1.923	0.762976473266
1.924	0.762790978580
1.925	0.762605591650
1.926	0.762420312373
1.927	0.762235140651
1.928	0.762050076383
1.929	0.761865119468
1.930	0.761680269807
1.931	0.761495527301
1.932	0.761310891849
1.933	0.761126363352
1.934	0.760941941711
1.935	0.760757626826
1.936	0.760573418598
1.937	0.760389316928
1.938	0.760205321718
1.939	0.760021432868
1.940	0.759837650280
1.941	0.759653973855
1.942	0.759470403496
1.943	0.759286939103
1.944	0.759103580578
1.945	0.758920327824
1.946	0.758737180743
1.947	0.758554139237
1.948	0.758371203208
1.949	0.758188372559
1.950	0.758005647192
1.951	0.757823027010
1.952	0.757640511917
1.953	0.757458101814
1.954	0.757275796606
1.955	0.757093596194
1.956	0.756911500484
1.957	0.756729509378
1.958	0.756547622779
1.959	0.756365840592
1.960	0.756184162720
1.961	0.756002589068
1.962	0.755821119539
1.963	0.755639754038
1.964	0.755458492468
1.965	0.755277334735
1.966	0.755096280743
1.967	0.754915330397
1.968	0.754734483602
1.969	0.754553740261
1.970	0.754373100282
1.971	0.754192563567
1.972	0.754012130024
1.973	0.753831799558
1.974	0.753651572073
1.975	0.753471447476
1.976	0.753291425672
1.977	0.753111506568
1.978	0.752931690069
1.979	0.752751976081
1.980	0.752572364512
1.981	0.752392855266
1.982	0.752213448251
1.983	0.752034143373
1.984	0.751854940538
1.985	0.751675839655
1.986	0.751496840629
1.987	0.751317943368
1.988	0.751139147779
1.989	0.750960453770
1.990	0.750781861247
1.991	0.750603370118
1.992	0.750424980291
1.993	0.750246691674
1.994	0.750068504175
1.995	0.749890417701
1.996	0.749712432161
1.997	0.749534547463
1.998	0.749356763515
1.999	0.749179080226
2.000	0.749001497504
