0.000	1.644834071848
0.001	1.643633096237
0.002	1.642434279065
0.003	1.641237614148
0.004	1.640043095323
0.005	1.638850716455
0.006	1.637660471430
0.007	1.636472354159
0.008	1.635286358577
0.009	1.634102478642
0.010	1.632920708336
0.011	1.631741041663
0.012	1.630563472652
0.013	1.629387995355
0.014	1.628214603845
0.015	1.627043292221
0.016	1.625874054601
0.017	1.624706885129
0.018	1.623541777971
0.019	1.622378727314
0.020	1.621217727367
0.021	1.620058772365
0.022	1.618901856560
0.023	1.617746974231
0.024	1.616594119674
0.025	1.615443287211
0.026	1.614294471183
0.027	1.613147665954
0.028	1.612002865909
0.029	1.610860065455
0.030	1.609719259020
0.031	1.608580441052
0.032	1.607443606021
0.033	1.606308748419
0.034	1.605175862758
0.035	1.604044943570
0.036	1.602915985408
0.037	1.601788982848
0.038	1.600663930482
0.039	1.599540822927
0.040	1.598419654817
0.041	1.597300420808
0.042	1.596183115576
0.043	1.595067733815
0.044	1.593954270241
0.045	1.592842719590
0.046	1.591733076617
0.047	1.590625336096
0.048	1.589519492820
0.049	1.588415541605
0.050	1.587313477283
0.051	1.586213294706
0.052	1.585114988745
0.053	1.584018554292
0.054	1.582923986254
0.055	1.581831279562
0.056	1.580740429161
0.057	1.579651430019
0.058	1.578564277119
0.059	1.577478965465
0.060	1.576395490078
0.061	1.575313845999
0.062	1.574234028284
0.063	1.573156032012
0.064	1.572079852277
0.065	1.571005484190
0.066	1.569932922884
0.067	1.568862163506
0.068	1.567793201222
0.069	1.566726031217
0.070	1.565660648692
0.071	1.564597048867
0.072	1.563535226977
0.073	1.562475178278
0.074	1.561416898039
0.075	1.560360381550
0.076	1.559305624117
0.077	1.558252621062
0.078	1.557201367725
0.079	1.556151859462
0.080	1.555104091648
0.081	1.554058059671
0.082	1.553013758940
0.083	1.551971184877
0.084	1.550930332923
0.085	1.549891198534
0.086	1.548853777183
0.087	1.547818064359
0.088	1.546784055568
0.089	1.545751746331
0.090	1.544721132185
0.091	1.543692208685
0.092	1.542664971400
0.093	1.541639415915
0.094	1.540615537832
0.095	1.539593332767
0.096	1.538572796353
0.097	1.537553924239
0.098	1.536536712087
0.099	1.535521155577
0.100	1.534507250404
0.101	1.533494992278
0.102	1.532484376922
0.103	1.531475400078
0.104	1.530468057501
0.105	1.529462344961
0.106	1.528458258243
0.107	1.527455793148
0.108	1.526454945490
0.109	1.525455711100
0.110	1.524458085821
0.111	1.523462065513
0.112	1.522467646049
0.113	1.521474823318
0.114	1.520483593222
0.115	1.519493951677
0.116	1.518505894616
0.117	1.517519417984
0.118	1.516534517740
0.119	1.515551189858
0.120	1.514569430327
0.121	1.513589235147
0.122	1.512610600335
0.123	1.511633521920
0.124	1.510657995946
0.125	1.509684018470
0.126	1.508711585563
0.127	1.507740693309
0.128	1.506771337807
0.129	1.505803515168
0.130	1.504837221517
0.131	1.503872452993
0.132	1.502909205747
0.133	1.501947475944
0.134	1.500987259763
0.135	1.500028553396
0.136	1.499071353046
0.137	1.498115654931
0.138	1.497161455283
0.139	1.496208750343
0.140	1.495257536370
0.141	1.494307809631
0.142	1.493359566409
0.143	1.492412802999
0.144	1.491467515708
0.145	1.490523700856
0.146	1.489581354775
0.147	1.488640473811
0.148	1.487701054320
0.149	1.486763092673
0.150	1.485826585251
0.151	1.484891528450
0.152	1.483957918676
0.153	1.483025752347
0.154	1.482095025894
0.155	1.481165735761
0.156	1.480237878403
0.157	1.479311450286
0.158	1.478386447889
0.159	1.477462867704
0.160	1.476540706233
0.161	1.475619959989
0.162	1.474700625500
0.163	1.473782699303
0.164	1.472866177947
0.165	1.471951057993
0.166	1.471037336014
0.167	1.470125008593
0.168	1.469214072326
0.169	1.468304523820
0.170	1.467396359692
0.171	1.466489576572
0.172	1.465584171100
0.173	1.464680139928
0.174	1.463777479719
0.175	1.462876187146
0.176	1.461976258896
0.177	1.461077691663
0.178	1.460180482154
0.179	1.459284627088
0.180	1.458390123192
0.181	1.457496967207
0.182	1.456605155883
0.183	1.455714685981
0.184	1.454825554271
0.185	1.453937757537
0.186	1.453051292572
0.187	1.452166156178
0.188	1.451282345170
0.189	1.450399856371
0.190	1.449518686618
0.191	1.448638832754
0.192	1.447760291636
0.193	1.446883060128
0.194	1.446007135108
0.195	1.445132513460
0.196	1.444259192083
0.197	1.443387167881
0.198	1.442516437771
0.199	1.441646998681
0.200	1.440778847546
0.201	1.439911981314
0.202	1.439046396940
0.203	1.438182091390
0.204	1.437319061641
0.205	1.436457304679
0.206	1.435596817500
0.207	1.434737597108
0.208	1.433879640519
0.209	1.433022944757
0.210	1.432167506856
0.211	1.431313323861
0.212	1.430460392824
0.213	1.429608710809
0.214	1.428758274887
0.215	1.427909082141
0.216	1.427061129660
0.217	1.426214414546
0.218	1.425368933907
0.219	1.424524684863
0.220	1.423681664542
0.221	1.422839870080
0.222	1.421999298625
0.223	1.421159947331
0.224	1.420321813363
0.225	1.419484893894
0.226	1.418649186107
0.227	1.417814687193
0.228	1.416981394353
0.229	1.416149304795
0.230	1.415318415739
0.231	1.414488724409
0.232	1.413660228043
0.233	1.412832923885
0.234	1.412006809187
0.235	1.411181881211
0.236	1.410358137229
0.237	1.409535574517
0.238	1.408714190365
0.239	1.407893982068
0.240	1.407074946931
0.241	1.406257082267
0.242	1.405440385397
0.243	1.404624853650
0.244	1.403810484366
0.245	1.402997274891
0.246	1.402185222579
0.247	1.401374324794
0.248	1.400564578906
0.249	1.399755982296
0.250	1.398948532351
0.251	1.398142226466
0.252	1.397337062047
0.253	1.396533036504
0.254	1.395730147258
0.255	1.394928391736
0.256	1.394127767375
0.257	1.393328271619
0.258	1.392529901919
0.259	1.391732655735
0.260	1.390936530535
0.261	1.390141523794
0.262	1.389347632996
0.263	1.388554855630
0.264	1.387763189197
0.265	1.386972631202
0.266	1.386183179159
0.267	1.385394830590
0.268	1.384607583024
0.269	1.383821433998
0.270	1.383036381057
0.271	1.382252421752
0.272	1.381469553643
0.273	1.380687774296
0.274	1.379907081287
0.275	1.379127472196
0.276	1.378348944613
0.277	1.377571496134
0.278	1.376795124363
0.279	1.376019826912
0.280	1.375245601397
0.281	1.374472445446
0.282	1.373700356690
0.283	1.372929332769
0.284	1.372159371332
0.285	1.371390470031
0.286	1.370622626528
0.287	1.369855838492
0.288	1.369090103597
0.289	1.368325419527
0.290	1.367561783971
0.291	1.366799194625
0.292	1.366037649192
0.293	1.365277145383
0.294	1.364517680915
0.295	1.363759253512
0.296	1.363001860904
0.297	1.362245500829
0.298	1.361490171032
0.299	1.360735869264
0.300	1.359982593282
0.301	1.359230340851
0.302	1.358479109743
0.303	1.357728897735
0.304	1.356979702611
0.305	1.356231522164
0.306	1.355484354190
0.307	1.354738196494
0.308	1.353993046886
0.309	1.353248903184
0.310	1.352505763212
0.311	1.351763624800
0.312	1.351022485784
0.313	1.350282344008
0.314	1.349543197320
0.315	1.348805043578
0.316	1.348067880642
0.317	1.347331706381
0.318	1.346596518671
0.319	1.345862315391
0.320	1.345129094429
0.321	1.344396853679
0.322	1.343665591041
0.323	1.342935304419
0.324	1.342205991726
0.325	1.341477650880
0.326	1.340750279806
0.327	1.340023876432
0.328	1.339298438697
0.329	1.338573964541
0.330	1.337850451914
0.331	1.337127898770
0.332	1.336406303069
0.333	1.335685662777
0.334	1.334965975866
0.335	1.334247240315
0.336	1.333529454107
0.337	1.332812615233
0.338	1.332096721688
0.339	1.331381771473
0.340	1.330667762595
0.341	1.329954693069
0.342	1.329242560911
0.343	1.328531364148
0.344	1.327821100809
0.345	1.327111768930
0.346	1.326403366553
0.347	1.325695891724
0.348	1.324989342497
0.349	1.324283716931
0.350	1.323579013088
0.351	1.322875229039
0.352	1.322172362860
0.353	1.321470412629
0.354	1.320769376435
0.355	1.320069252368
0.356	1.319370038526
0.357	1.318671733011
0.358	1.317974333930
0.359	1.317277839399
0.360	1.316582247534
0.361	1.315887556462
0.362	1.315193764310
0.363	1.314500869213
0.364	1.313808869313
0.365	1.313117762754
0.366	1.312427547687
0.367	1.311738222268
0.368	1.311049784657
0.369	1.310362233023
0.370	1.309675565535
0.371	1.308989780371
0.372	1.308304875713
0.373	1.307620849748
0.374	1.306937700668
0.375	1.306255426669
0.376	1.305574025956
0.377	1.304893496734
0.378	1.304213837217
0.379	1.303535045622
0.380	1.302857120171
0.381	1.302180059092
0.382	1.301503860618
0.383	1.300828522985
0.384	1.300154044437
0.385	1.299480423221
0.386	1.298807657588
0.387	1.298135745796
0.388	1.297464686107
0.389	1.296794476787
0.390	1.296125116109
0.391	1.295456602349
0.392	1.294788933788
0.393	1.294122108712
0.394	1.293456125412
0.395	1.292790982183
0.396	1.292126677327
0.397	1.291463209147
0.398	1.290800575954
0.399	1.290138776062
0.400	1.289477807791
0.401	1.288817669463
0.402	1.288158359408
0.403	1.287499875958
0.404	1.286842217451
0.405	1.286185382229
0.406	1.285529368639
0.407	1.284874175032
0.408	1.284219799764
0.409	1.283566241196
0.410	1.282913497693
0.411	1.282261567623
0.412	1.281610449360
0.413	1.280960141284
0.414	1.280310641776
0.415	1.279661949225
0.416	1.279014062020
0.417	1.278366978560
0.418	1.277720697243
0.419	1.277075216475
0.420	1.276430534665
0.421	1.275786650226
0.422	1.275143561577
0.423	1.274501267138
0.424	1.273859765337
0.425	1.273219054605
0.426	1.272579133375
0.427	1.271940000088
0.428	1.271301653187
0.429	1.270664091119
0.430	1.270027312336
0.431	1.269391315294
0.432	1.268756098454
0.433	1.268121660280
0.434	1.267487999241
0.435	1.266855113808
0.436	1.266223002459
0.437	1.265591663675
0.438	1.264961095941
0.439	1.264331297745
0.440	1.263702267581
0.441	1.263074003947
0.442	1.262446505342
0.443	1.261819770273
0.444	1.261193797249
0.445	1.260568584782
0.446	1.259944131391
0.447	1.259320435596
0.448	1.258697495923
0.449	1.258075310900
0.450	1.257453879061
0.451	1.256833198942
0.452	1.256213269085
0.453	1.255594088033
0.454	1.254975654337
0.455	1.254357966547
0.456	1.253741023221
0.457	1.253124822918
0.458	1.252509364202
0.459	1.251894645642
0.460	1.251280665809
0.461	1.250667423278
0.462	1.250054916628
0.463	1.249443144443
0.464	1.248832105308
0.465	1.248221797815
0.466	1.247612220556
0.467	1.247003372131
0.468	1.246395251141
0.469	1.245787856190
0.470	1.245181185888
0.471	1.244575238847
0.472	1.243970013683
0.473	1.243365509016
0.474	1.242761723470
0.475	1.242158655671
0.476	1.241556304250
0.477	1.240954667842
0.478	1.240353745084
0.479	1.239753534618
0.480	1.239154035088
0.481	1.238555245143
0.482	1.237957163434
0.483	1.237359788619
0.484	1.236763119354
0.485	1.236167154303
0.486	1.235571892133
0.487	1.234977331511
0.488	1.234383471112
0.489	1.233790309611
0.490	1.233197845688
0.491	1.232606078027
0.492	1.232015005315
0.493	1.231424626240
0.494	1.230834939497
0.495	1.230245943783
0.496	1.229657637797
0.497	1.229070020243
0.498	1.228483089828
0.499	1.227896845263
0.500	1.227311285260
0.501	1.226726408537
0.502	1.226142213813
0.503	1.225558699813
0.504	1.224975865262
0.505	1.224393708892
0.506	1.223812229435
0.507	1.223231425628
0.508	1.222651296210
0.509	1.222071839924
0.510	1.221493055517
0.511	1.220914941738
0.512	1.220337497340
0.513	1.219760721078
0.514	1.219184611712
0.515	1.218609168003
0.516	1.218034388717
0.517	1.217460272622
0.518	1.216886818490
0.519	1.216314025096
0.520	1.215741891217
0.521	1.215170415634
0.522	1.214599597132
0.523	1.214029434497
0.524	1.213459926519
0.525	1.212891071992
0.526	1.212322869713
0.527	1.211755318480
0.528	1.211188417095
0.529	1.210622164365
0.530	1.210056559098
0.531	1.209491600104
0.532	1.208927286200
0.533	1.208363616201
0.534	1.207800588928
0.535	1.207238203205
0.536	1.206676457858
0.537	1.206115351717
0.538	1.205554883613
0.539	1.204995052381
0.540	1.204435856860
0.541	1.203877295891
0.542	1.203319368318
0.543	1.202762072987
0.544	1.202205408748
0.545	1.201649374453
0.546	1.201093968959
0.547	1.200539191122
0.548	1.199985039805
0.549	1.199431513872
0.550	1.198878612188
0.551	1.198326333624
0.552	1.197774677052
0.553	1.197223641348
0.554	1.196673225388
0.555	1.196123428055
0.556	1.195574248232
0.557	1.195025684804
0.558	1.194477736662
0.559	1.193930402697
0.560	1.193383681803
0.561	1.192837572879
0.562	1.192292074823
0.563	1.191747186539
0.564	1.191202906933
0.565	1.190659234911
0.566	1.190116169387
0.567	1.189573709272
0.568	1.189031853483
0.569	1.188490600939
0.570	1.187949950562
0.571	1.187409901275
0.572	1.186870452006
0.573	1.186331601685
0.574	1.185793349242
0.575	1.185255693614
0.576	1.184718633736
0.577	1.184182168550
0.578	1.183646296998
0.579	1.183111018025
0.580	1.182576330578
0.581	1.182042233607
0.582	1.181508726067
0.583	1.180975806911
0.584	1.180443475098
0.585	1.179911729589
0.586	1.179380569346
0.587	1.178849993335
0.588	1.178320000523
0.589	1.177790589882
0.590	1.177261760384
0.591	1.176733511005
0.592	1.176205840723
0.593	1.175678748518
0.594	1.175152233374
0.595	1.174626294275
0.596	1.174100930209
0.597	1.173576140168
0.598	1.173051923142
0.599	1.172528278129
0.600	1.172005204124
0.601	1.171482700129
0.602	1.170960765146
0.603	1.170439398178
0.604	1.169918598235
0.605	1.169398364324
0.606	1.168878695459
0.607	1.168359590653
0.608	1.167841048923
0.609	1.167323069289
0.610	1.166805650771
0.611	1.166288792393
0.612	1.165772493182
0.613	1.165256752165
0.614	1.164741568374
0.615	1.164226940842
0.616	1.163712868603
0.617	1.163199350696
0.618	1.162686386160
0.619	1.162173974038
0.620	1.161662113374
0.621	1.161150803216
0.622	1.160640042611
0.623	1.160129830611
0.624	1.159620166270
0.625	1.159111048644
0.626	1.158602476791
0.627	1.158094449770
0.628	1.157586966645
0.629	1.157080026480
0.630	1.156573628342
0.631	1.156067771300
0.632	1.155562454426
0.633	1.155057676793
0.634	1.154553437476
0.635	1.154049735554
0.636	1.153546570106
0.637	1.153043940215
0.638	1.152541844966
0.639	1.152040283444
0.640	1.151539254738
0.641	1.151038757940
0.642	1.150538792142
0.643	1.150039356439
0.644	1.149540449928
0.645	1.149042071709
0.646	1.148544220883
0.647	1.148046896554
0.648	1.147550097827
0.649	1.147053823810
0.650	1.146558073612
0.651	1.146062846346
0.652	1.145568141126
0.653	1.145073957067
0.654	1.144580293288
0.655	1.144087148908
0.656	1.143594523050
0.657	1.143102414838
0.658	1.142610823398
0.659	1.142119747859
0.660	1.141629187350
0.661	1.141139141004
0.662	1.140649607956
0.663	1.140160587342
0.664	1.139672078299
0.665	1.139184079968
0.666	1.138696591493
0.667	1.138209612015
0.668	1.137723140683
0.669	1.137237176645
0.670	1.136751719049
0.671	1.136266767049
0.672	1.135782319799
0.673	1.135298376455
0.674	1.134814936174
0.675	1.134331998116
0.676	1.133849561445
0.677	1.133367625322
0.678	1.132886188914
0.679	1.132405251389
0.680	1.131924811915
0.681	1.131444869665
0.682	1.130965423811
0.683	1.130486473530
0.684	1.130008017997
0.685	1.129530056392
0.686	1.129052587895
0.687	1.128575611690
0.688	1.128099126961
0.689	1.127623132895
0.690	1.127147628679
0.691	1.126672613503
0.692	1.126198086561
0.693	1.125724047045
0.694	1.125250494151
0.695	1.124777427076
0.696	1.124304845020
0.697	1.123832747185
0.698	1.123361132772
0.699	1.122890000986
0.700	1.122419351035
0.701	1.121949182126
0.702	1.121479493469
0.703	1.121010284277
0.704	1.120541553763
0.705	1.120073301142
0.706	1.119605525631
0.707	1.119138226450
0.708	1.118671402819
0.709	1.118205053961
0.710	1.117739179100
0.711	1.117273777462
0.712	1.116808848274
0.713	1.116344390767
0.714	1.115880404170
0.715	1.115416887718
0.716	1.114953840644
0.717	1.114491262185
0.718	1.114029151579
0.719	1.113567508067
0.720	1.113106330888
0.721	1.112645619286
0.722	1.112185372507
0.723	1.111725589796
0.724	1.111266270403
0.725	1.110807413576
0.726	1.110349018567
0.727	1.109891084630
0.728	1.109433611018
0.729	1.108976596990
0.730	1.108520041803
0.731	1.108063944717
0.732	1.107608304992
0.733	1.107153121894
0.734	1.106698394685
0.735	1.106244122633
0.736	1.105790305005
0.737	1.105336941071
0.738	1.104884030102
0.739	1.104431571372
0.740	1.103979564154
0.741	1.103528007725
0.742	1.103076901362
0.743	1.102626244344
0.744	1.102176035953
0.745	1.101726275470
0.746	1.101276962180
0.747	1.100828095368
0.748	1.100379674321
0.749	1.099931698329
0.750	1.099484166680
0.751	1.099037078668
0.752	1.098590433585
0.753	1.098144230727
0.754	1.097698469389
0.755	1.097253148870
0.756	1.096808268470
0.757	1.096363827489
0.758	1.095919825230
0.759	1.095476260997
0.760	1.095033134096
0.761	1.094590443833
0.762	1.094148189519
0.763	1.093706370461
0.764	1.093264985974
0.765	1.092824035369
0.766	1.092383517961
0.767	1.091943433066
0.768	1.091503780003
0.769	1.091064558090
0.770	1.090625766647
0.771	1.090187404997
0.772	1.089749472464
0.773	1.089311968372
0.774	1.088874892047
0.775	1.088438242818
0.776	1.088002020015
0.777	1.087566222967
0.778	1.087130851008
0.779	1.086695903470
0.780	1.086261379690
0.781	1.085827279003
0.782	1.085393600747
0.783	1.084960344263
0.784	1.084527508891
0.785	1.084095093972
0.786	1.083663098852
0.787	1.083231522875
0.788	1.082800365387
0.789	1.082369625737
0.790	1.081939303273
0.791	1.081509397347
0.792	1.081079907310
0.793	1.080650832516
0.794	1.080222172320
0.795	1.079793926078
0.796	1.079366093148
0.797	1.078938672888
0.798	1.078511664659
0.799	1.078085067823
0.800	1.077658881743
0.801	1.077233105784
0.802	1.076807739310
0.803	1.076382781690
0.804	1.075958232291
0.805	1.075534090484
0.806	1.075110355639
0.807	1.074687027130
0.808	1.074264104330
0.809	1.073841586614
0.810	1.073419473358
0.811	1.072997763941
0.812	1.072576457742
0.813	1.072155554141
0.814	1.071735052520
0.815	1.071314952262
0.816	1.070895252751
0.817	1.070475953373
0.818	1.070057053514
0.819	1.069638552564
0.820	1.069220449912
0.821	1.068802744948
0.822	1.068385437065
0.823	1.067968525656
0.824	1.067552010115
0.825	1.067135889839
0.826	1.066720164225
0.827	1.066304832671
0.828	1.065889894578
0.829	1.065475349345
0.830	1.065061196376
0.831	1.064647435073
0.832	1.064234064842
0.833	1.063821085089
0.834	1.063408495220
0.835	1.062996294644
0.836	1.062584482772
0.837	1.062173059013
0.838	1.061762022780
0.839	1.061351373487
0.840	1.060941110548
0.841	1.060531233379
0.842	1.060121741397
0.843	1.059712634020
0.844	1.059303910668
0.845	1.058895570761
0.846	1.058487613721
0.847	1.058080038972
0.848	1.057672845938
0.849	1.057266034044
0.850	1.056859602716
0.851	1.056453551383
0.852	1.056047879474
0.853	1.055642586419
0.854	1.055237671649
0.855	1.054833134598
0.856	1.054428974697
0.857	1.054025191384
0.858	1.053621784093
0.859	1.053218752261
0.860	1.052816095329
0.861	1.052413812734
0.862	1.052011903917
0.863	1.051610368321
0.864	1.051209205389
0.865	1.050808414564
0.866	1.050407995292
0.867	1.050007947019
0.868	1.049608269193
0.869	1.049208961263
0.870	1.048810022678
0.871	1.048411452889
0.872	1.048013251350
0.873	1.047615417511
0.874	1.047217950829
0.875	1.046820850758
0.876	1.046424116755
0.877	1.046027748278
0.878	1.045631744785
0.879	1.045236105737
0.880	1.044840830594
0.881	1.044445918818
0.882	1.044051369872
0.883	1.043657183221
0.884	1.043263358331
0.885	1.042869894667
0.886	1.042476791697
0.887	1.042084048889
0.888	1.041691665714
0.889	1.041299641642
0.890	1.040907976144
0.891	1.040516668695
0.892	1.040125718767
0.893	1.039735125836
0.894	1.039344889377
0.895	1.038955008869
0.896	1.038565483789
0.897	1.038176313616
0.898	1.037787497831
0.899	1.037399035914
0.900	1.037010927350
0.901	1.036623171620
0.902	1.036235768210
0.903	1.035848716604
0.904	1.035462016290
0.905	1.035075666755
0.906	1.034689667487
0.907	1.034304017977
0.908	1.033918717714
0.909	1.033533766192
0.910	1.033149162901
0.911	1.032764907337
0.912	1.032380998993
0.913	1.031997437366
0.914	1.031614221952
0.915	1.031231352249
0.916	1.030848827756
0.917	1.030466647972
0.918	1.030084812398
0.919	1.029703320537
0.920	1.029322171890
0.921	1.028941365962
0.922	1.028560902257
0.923	1.028180780281
0.924	1.027800999541
0.925	1.027421559544
0.926	1.027042459799
0.927	1.026663699816
0.928	1.026285279105
0.929	1.025907197178
0.930	1.025529453547
0.931	1.025152047726
0.932	1.024774979229
0.933	1.024398247572
0.934	1.024021852272
0.935	1.023645792844
0.936	1.023270068809
0.937	1.022894679684
0.938	1.022519624991
0.939	1.022144904251
0.940	1.021770516984
0.941	1.021396462716
0.942	1.021022740969
0.943	1.020649351268
0.944	1.020276293140
0.945	1.019903566111
0.946	1.019531169708
0.947	1.019159103461
0.948	1.018787366899
0.949	1.018415959552
0.950	1.018044880953
0.951	1.017674130632
0.952	1.017303708124
0.953	1.016933612963
0.954	1.016563844683
0.955	1.016194402821
0.956	1.015825286914
0.957	1.015456496499
0.958	1.015088031115
0.959	1.014719890301
0.960	1.014352073599
0.961	1.013984580550
0.962	1.013617410695
0.963	1.013250563578
0.964	1.012884038743
0.965	1.012517835735
0.966	1.012151954100
0.967	1.011786393385
0.968	1.011421153136
0.969	1.011056232904
0.970	1.010691632236
0.971	1.010327350684
0.972	1.009963387797
0.973	1.009599743130
0.974	1.009236416233
0.975	1.008873406661
0.976	1.008510713969
0.977	1.008148337711
0.978	1.007786277445
0.979	1.007424532727
0.980	1.007063103115
0.981	1.006701988168
0.982	1.006341187446
0.983	1.005980700510
0.984	1.005620526920
0.985	1.005260666239
0.986	1.004901118031
0.987	1.004541881858
0.988	1.004182957286
0.989	1.003824343881
0.990	1.003466041209
0.991	1.003108048836
0.992	1.002750366332
0.993	1.002392993265
0.994	1.002035929205
0.995	1.001679173722
0.996	1.001322726389
0.997	1.000966586776
0.998	1.000610754457
0.999	1.000255229007
1.000	0.999900009999
1.001	0.999545097009
1.002	0.999190489614
1.003	0.998836187390
1.004	0.998482189916
1.005	0.998128496769
1.006	0.997775107531
1.007	0.997422021780
1.008	0.997069239098
1.009	0.996716759068
1.010	0.996364581271
1.011	0.996012705291
1.012	0.995661130712
1.013	0.995309857120
1.014	0.994958884101
1.015	0.994608211241
1.016	0.994257838126
1.017	0.993907764347
1.018	0.993557989491
1.019	0.993208513149
1.020	0.992859334911
1.021	0.992510454368
1.022	0.992161871112
1.023	0.991813584737
1.024	0.991465594835
1.025	0.991117901002
1.026	0.990770502832
1.027	0.990423399921
1.028	0.990076591867
1.029	0.989730078265
1.030	0.989383858716
1.031	0.989037932817
1.032	0.988692300168
1.033	0.988346960370
1.034	0.988001913024
1.035	0.987657157732
1.036	0.987312694097
1.037	0.986968521722
1.038	0.986624640211
1.039	0.986281049169
1.040	0.985937748202
1.041	0.985594736916
1.042	0.985252014919
1.043	0.984909581818
1.044	0.984567437222
1.045	0.984225580740
1.046	0.983884011983
1.047	0.983542730560
1.048	0.983201736085
1.049	0.982861028168
1.050	0.982520606423
1.051	0.982180470463
1.052	0.981840619904
1.053	0.981501054360
1.054	0.981161773446
1.055	0.980822776780
1.056	0.980484063979
1.057	0.980145634660
1.058	0.979807488443
1.059	0.979469624947
1.060	0.979132043791
1.061	0.978794744597
1.062	0.978457726987
1.063	0.978120990581
1.064	0.977784535004
1.065	0.977448359879
1.066	0.977112464830
1.067	0.976776849483
1.068	0.976441513462
1.069	0.976106456394
1.070	0.975771677906
1.071	0.975437177627
1.072	0.975102955184
1.073	0.974769010206
1.074	0.974435342324
1.075	0.974101951167
1.076	0.973768836368
1.077	0.973435997557
1.078	0.973103434367
1.079	0.972771146432
1.080	0.972439133386
1.081	0.972107394862
1.082	0.971775930496
1.083	0.971444739924
1.084	0.971113822783
1.085	0.970783178709
1.086	0.970452807341
1.087	0.970122708316
1.088	0.969792881275
1.089	0.969463325857
1.090	0.969134041703
1.091	0.968805028453
1.092	0.968476285750
1.093	0.968147813235
1.094	0.967819610553
1.095	0.967491677346
1.096	0.967164013260
1.097	0.966836617939
1.098	0.966509491029
1.099	0.966182632176
1.100	0.965856041027
1.101	0.965529717231
1.102	0.965203660434
1.103	0.964877870287
1.104	0.964552346439
1.105	0.964227088539
1.106	0.963902096239
1.107	0.963577369189
1.108	0.963252907043
1.109	0.962928709453
1.110	0.962604776072
1.111	0.962281106554
1.112	0.961957700554
1.113	0.961634557726
1.114	0.961311677728
1.115	0.960989060214
1.116	0.960666704843
1.117	0.960344611271
1.118	0.960022779158
1.119	0.959701208162
1.120	0.959379897942
1.121	0.959058848159
1.122	0.958738058474
1.123	0.958417528547
1.124	0.958097258041
1.125	0.957777246619
1.126	0.957457493943
1.127	0.957137999678
1.128	0.956818763487
1.129	0.956499785036
1.130	0.956181063990
1.131	0.955862600015
1.132	0.955544392779
1.133	0.955226441948
1.134	0.954908747191
1.135	0.954591308176
1.136	0.954274124572
1.137	0.953957196049
1.138	0.953640522278
1.139	0.953324102928
1.140	0.953007937672
1.141	0.952692026183
1.142	0.952376368131
1.143	0.952060963191
1.144	0.951745811037
1.145	0.951430911343
1.146	0.951116263784
1.147	0.950801868035
1.148	0.950487723773
1.149	0.950173830674
1.150	0.949860188415
1.151	0.949546796676
1.152	0.949233655133
1.153	0.948920763466
1.154	0.948608121354
1.155	0.948295728478
1.156	0.947983584519
1.157	0.947671689157
1.158	0.947360042074
1.159	0.947048642953
1.160	0.946737491477
1.161	0.946426587329
1.162	0.946115930193
1.163	0.945805519754
1.164	0.945495355697
1.165	0.945185437708
1.166	0.944875765473
1.167	0.944566338679
1.168	0.944257157013
1.169	0.943948220163
1.170	0.943639527818
1.171	0.943331079667
1.172	0.943022875398
1.173	0.942714914704
1.174	0.942407197273
1.175	0.942099722797
1.176	0.941792490968
1.177	0.941485501479
1.178	0.941178754021
1.179	0.940872248289
1.180	0.940565983976
1.181	0.940259960777
1.182	0.939954178386
1.183	0.939648636500
1.184	0.939343334813
1.185	0.939038273024
1.186	0.938733450828
1.187	0.938428867923
1.188	0.938124524008
1.189	0.937820418781
1.190	0.937516551941
1.191	0.937212923188
1.192	0.936909532223
1.193	0.936606378745
1.194	0.936303462456
1.195	0.936000783059
1.196	0.935698340255
1.197	0.935396133746
1.198	0.935094163238
1.199	0.934792428432
1.200	0.934490929034
1.201	0.934189664749
1.202	0.933888635281
1.203	0.933587840337
1.204	0.933287279623
1.205	0.932986952846
1.206	0.932686859714
1.207	0.932386999934
1.208	0.932087373214
1.209	0.931787979264
1.210	0.931488817793
1.211	0.931189888511
1.212	0.930891191129
1.213	0.930592725356
1.214	0.930294490906
1.215	0.929996487488
1.216	0.929698714817
1.217	0.929401172605
1.218	0.929103860565
1.219	0.928806778410
1.220	0.928509925857
1.221	0.928213302618
1.222	0.927916908411
1.223	0.927620742949
1.224	0.927324805951
1.225	0.927029097132
1.226	0.926733616210
1.227	0.926438362903
1.228	0.926143336928
1.229	0.925848538005
1.230	0.925553965853
1.231	0.925259620192
1.232	0.924965500741
1.233	0.924671607221
1.234	0.924377939354
1.235	0.924084496861
1.236	0.923791279464
1.237	0.923498286886
1.238	0.923205518849
1.239	0.922912975077
1.240	0.922620655295
1.241	0.922328559225
1.242	0.922036686595
1.243	0.921745037128
1.244	0.921453610550
1.245	0.921162406588
1.246	0.920871424969
1.247	0.920580665420
1.248	0.920290127668
1.249	0.919999811441
1.250	0.919709716469
1.251	0.919419842480
1.252	0.919130189203
1.253	0.918840756370
1.254	0.918551543709
1.255	0.918262550952
1.256	0.917973777831
1.257	0.917685224076
1.258	0.917396889421
1.259	0.917108773598
1.260	0.916820876340
1.261	0.916533197381
1.262	0.916245736454
1.263	0.915958493294
1.264	0.915671467637
1.265	0.915384659217
1.266	0.915098067770
1.267	0.914811693032
1.268	0.914525534741
1.269	0.914239592633
1.270	0.913953866446
1.271	0.913668355918
1.272	0.913383060788
1.273	0.913097980793
1.274	0.912813115674
1.275	0.912528465171
1.276	0.912244029022
1.277	0.911959806971
1.278	0.911675798756
1.279	0.911392004120
1.280	0.911108422804
1.281	0.910825054552
1.282	0.910541899105
1.283	0.910258956208
1.284	0.909976225602
1.285	0.909693707034
1.286	0.909411400247
1.287	0.909129304985
1.288	0.908847420996
1.289	0.908565748023
1.290	0.908284285814
1.291	0.908003034114
1.292	0.907721992672
1.293	0.907441161234
1.294	0.907160539548
1.295	0.906880127363
1.296	0.906599924427
1.297	0.906319930490
1.298	0.906040145300
1.299	0.905760568608
1.300	0.905481200164
1.301	0.905202039720
1.302	0.904923087025
1.303	0.904644341832
1.304	0.904365803893
1.305	0.904087472960
1.306	0.903809348786
1.307	0.903531431123
1.308	0.903253719727
1.309	0.902976214350
1.310	0.902698914748
1.311	0.902421820675
1.312	0.902144931886
1.313	0.901868248137
1.314	0.901591769184
1.315	0.901315494783
1.316	0.901039424691
1.317	0.900763558667
1.318	0.900487896466
1.319	0.900212437847
1.320	0.899937182569
1.321	0.899662130391
1.322	0.899387281071
1.323	0.899112634369
1.324	0.898838190046
1.325	0.898563947861
1.326	0.898289907576
1.327	0.898016068952
1.328	0.897742431750
1.329	0.897468995732
1.330	0.897195760660
1.331	0.896922726298
1.332	0.896649892408
1.333	0.896377258754
1.334	0.896104825100
1.335	0.895832591210
1.336	0.895560556849
1.337	0.895288721782
1.338	0.895017085773
1.339	0.894745648590
1.340	0.894474409998
1.341	0.894203369763
1.342	0.893932527654
1.343	0.893661883436
1.344	0.893391436878
1.345	0.893121187748
1.346	0.892851135814
1.347	0.892581280845
1.348	0.892311622610
1.349	0.892042160879
1.350	0.891772895422
1.351	0.891503826009
1.352	0.891234952410
1.353	0.890966274398
1.354	0.890697791742
1.355	0.890429504216
1.356	0.890161411591
1.357	0.889893513639
1.358	0.889625810134
1.359	0.889358300849
1.360	0.889090985557
1.361	0.888823864033
1.362	0.888556936050
1.363	0.888290201384
1.364	0.888023659809
1.365	0.887757311102
1.366	0.887491155037
1.367	0.887225191391
1.368	0.886959419941
1.369	0.886693840463
1.370	0.886428452734
1.371	0.886163256532
1.372	0.885898251636
1.373	0.885633437823
1.374	0.885368814872
1.375	0.885104382561
1.376	0.884840140672
1.377	0.884576088982
1.378	0.884312227272
1.379	0.884048555323
1.380	0.883785072915
1.381	0.883521779829
1.382	0.883258675848
1.383	0.882995760751
1.384	0.882733034323
1.385	0.882470496345
1.386	0.882208146600
1.387	0.881945984871
1.388	0.881684010943
1.389	0.881422224598
1.390	0.881160625620
1.391	0.880899213796
1.392	0.880637988908
1.393	0.880376950744
1.394	0.880116099087
1.395	0.879855433725
1.396	0.879594954443
1.397	0.879334661029
1.398	0.879074553268
1.399	0.878814630948
1.400	0.878554893857
1.401	0.878295341783
1.402	0.878035974514
1.403	0.877776791839
1.404	0.877517793546
1.405	0.877258979425
1.406	0.877000349266
1.407	0.876741902858
1.408	0.876483639992
1.409	0.876225560459
1.410	0.875967664048
1.411	0.875709950552
1.412	0.875452419763
1.413	0.875195071471
1.414	0.874937905470
1.415	0.874680921551
1.416	0.874424119508
1.417	0.874167499135
1.418	0.873911060224
1.419	0.873654802569
1.420	0.873398725965
1.421	0.873142830206
1.422	0.872887115087
1.423	0.872631580403
1.424	0.872376225950
1.425	0.872121051523
1.426	0.871866056918
1.427	0.871611241933
1.428	0.871356606363
1.429	0.871102150006
1.430	0.870847872659
1.431	0.870593774121
1.432	0.870339854188
1.433	0.870086112659
1.434	0.869832549333
1.435	0.869579164009
1.436	0.869325956486
1.437	0.869072926564
1.438	0.868820074042
1.439	0.868567398721
1.440	0.868314900402
1.441	0.868062578884
1.442	0.867810433970
1.443	0.867558465461
1.444	0.867306673158
1.445	0.867055056863
1.446	0.866803616380
1.447	0.866552351510
1.448	0.866301262057
1.449	0.866050347823
1.450	0.865799608613
1.451	0.865549044230
1.452	0.865298654479
1.453	0.865048439164
1.454	0.864798398090
1.455	0.864548531061
1.456	0.864298837884
1.457	0.864049318364
1.458	0.863799972307
1.459	0.863550799520
1.460	0.863301799808
1.461	0.863052972979
1.462	0.862804318840
1.463	0.862555837198
1.464	0.862307527862
1.465	0.862059390640
1.466	0.861811425339
1.467	0.861563631768
1.468	0.861316009737
1.469	0.861068559054
1.470	0.860821279530
1.471	0.860574170973
1.472	0.860327233195
1.473	0.860080466005
1.474	0.859833869215
1.475	0.859587442635
1.476	0.859341186076
1.477	0.859095099351
1.478	0.858849182271
1.479	0.858603434648
1.480	0.858357856294
1.481	0.858112447023
1.482	0.857867206648
1.483	0.857622134981
1.484	0.857377231836
1.485	0.857132497027
1.486	0.856887930369
1.487	0.856643531675
1.488	0.856399300761
1.489	0.856155237442
1.490	0.855911341532
1.491	0.855667612847
1.492	0.855424051204
1.493	0.855180656417
1.494	0.854937428305
1.495	0.854694366683
1.496	0.854451471368
1.497	0.854208742177
1.498	0.853966178929
1.499	0.853723781440
1.500	0.853481549530
1.501	0.853239483015
1.502	0.852997581716
1.503	0.852755845450
1.504	0.852514274037
1.505	0.852272867296
1.506	0.852031625048
1.507	0.851790547111
1.508	0.851549633307
1.509	0.851308883456
1.510	0.851068297378
1.511	0.850827874895
1.512	0.850587615828
1.513	0.850347519998
1.514	0.850107587228
1.515	0.849867817340
1.516	0.849628210156
1.517	0.849388765498
1.518	0.849149483190
1.519	0.848910363055
1.520	0.848671404916
1.521	0.848432608598
1.522	0.848193973923
1.523	0.847955500717
1.524	0.847717188803
1.525	0.847479038008
1.526	0.847241048155
1.527	0.847003219070
1.528	0.846765550579
1.529	0.846528042507
1.530	0.846290694681
1.531	0.846053506926
1.532	0.845816479071
1.533	0.845579610940
1.534	0.845342902363
1.535	0.845106353165
1.536	0.844869963175
1.537	0.844633732220
1.538	0.844397660129
1.539	0.844161746730
1.540	0.843925991853
1.541	0.843690395324
1.542	0.843454956975
1.543	0.843219676634
1.544	0.842984554131
1.545	0.842749589297
1.546	0.842514781960
1.547	0.842280131952
1.548	0.842045639104
1.549	0.841811303245
1.550	0.841577124209
1.551	0.841343101825
1.552	0.841109235926
1.553	0.840875526344
1.554	0.840641972911
1.555	0.840408575459
1.556	0.840175333821
1.557	0.839942247830
1.558	0.839709317319
1.559	0.839476542122
1.560	0.839243922072
1.561	0.839011457004
1.562	0.838779146751
1.563	0.838546991148
1.564	0.838314990029
1.565	0.838083143230
1.566	0.837851450586
1.567	0.837619911931
1.568	0.837388527102
1.569	0.837157295935
1.570	0.836926218266
1.571	0.836695293930
1.572	0.836464522765
1.573	0.836233904608
1.574	0.836003439295
1.575	0.835773126664
1.576	0.835542966553
1.577	0.835312958799
1.578	0.835083103240
1.579	0.834853399715
1.580	0.834623848062
1.581	0.834394448120
1.582	0.834165199727
1.583	0.833936102724
1.584	0.833707156950
1.585	0.833478362243
1.586	0.833249718445
1.587	0.833021225395
1.588	0.832792882934
1.589	0.832564690902
1.590	0.832336649141
1.591	0.832108757491
1.592	0.831881015793
1.593	0.831653423890
1.594	0.831425981623
1.595	0.831198688834
1.596	0.830971545365
1.597	0.830744551059
1.598	0.830517705758
1.599	0.830291009306
1.600	0.830064461545
1.601	0.829838062319
1.602	0.829611811472
1.603	0.829385708847
1.604	0.829159754289
1.605	0.828933947642
1.606	0.828708288750
1.607	0.828482777458
1.608	0.828257413611
1.609	0.828032197054
1.610	0.827807127633
1.611	0.827582205194
1.612	0.827357429582
1.613	0.827132800643
1.614	0.826908318223
1.615	0.826683982170
1.616	0.826459792330
1.617	0.826235748549
1.618	0.826011850676
1.619	0.825788098558
1.620	0.825564492041
1.621	0.825341030975
1.622	0.825117715207
1.623	0.824894544585
1.624	0.824671518958
1.625	0.824448638175
1.626	0.824225902085
1.627	0.824003310536
1.628	0.823780863379
1.629	0.823558560463
1.630	0.823336401637
1.631	0.823114386752
1.632	0.822892515658
1.633	0.822670788205
1.634	0.822449204245
1.635	0.822227763628
1.636	0.822006466204
1.637	0.821785311826
1.638	0.821564300346
1.639	0.821343431614
1.640	0.821122705482
1.641	0.820902121804
1.642	0.820681680431
1.643	0.820461381215
1.644	0.820241224011
1.645	0.820021208670
1.646	0.819801335046
1.647	0.819581602992
1.648	0.819362012363
1.649	0.819142563011
1.650	0.818923254791
1.651	0.818704087558
1.652	0.818485061165
1.653	0.818266175468
1.654	0.818047430320
1.655	0.817828825579
1.656	0.817610361097
1.657	0.817392036733
1.658	0.817173852340
1.659	0.816955807774
1.660	0.816737902893
1.661	0.816520137552
1.662	0.816302511608
1.663	0.816085024917
1.664	0.815867677337
1.665	0.815650468725
1.666	0.815433398937
1.667	0.815216467832
1.668	0.814999675268
1.669	0.814783021101
1.670	0.814566505191
1.671	0.814350127396
1.672	0.814133887574
1.673	0.813917785584
1.674	0.813701821285
1.675	0.813485994537
1.676	0.813270305197
1.677	0.813054753127
1.678	0.812839338186
1.679	0.812624060233
1.680	0.812408919129
1.681	0.812193914735
1.682	0.811979046910
1.683	0.811764315516
1.684	0.811549720413
1.685	0.811335261463
1.686	0.811120938526
1.687	0.810906751465
1.688	0.810692700141
1.689	0.810478784416
1.690	0.810265004152
1.691	0.810051359211
1.692	0.809837849457
1.693	0.809624474750
1.694	0.809411234955
1.695	0.809198129935
1.696	0.808985159552
1.697	0.808772323671
1.698	0.808559622154
1.699	0.808347054866
1.700	0.808134621670
1.701	0.807922322431
1.702	0.807710157014
1.703	0.807498125282
1.704	0.807286227101
1.705	0.807074462335
1.706	0.806862830850
1.707	0.806651332511
1.708	0.806439967184
1.709	0.806228734734
1.710	0.806017635027
1.711	0.805806667929
1.712	0.805595833307
1.713	0.805385131026
1.714	0.805174560955
1.715	0.804964122959
1.716	0.804753816905
1.717	0.804543642661
1.718	0.804333600094
1.719	0.804123689071
1.720	0.803913909461
1.721	0.803704261132
1.722	0.803494743950
1.723	0.803285357786
1.724	0.803076102506
1.725	0.802866977981
1.726	0.802657984078
1.727	0.802449120667
1.728	0.802240387617
1.729	0.802031784797
1.730	0.801823312078
1.731	0.801614969327
1.732	0.801406756417
1.733	0.801198673216
1.734	0.800990719595
1.735	0.800782895425
1.736	0.800575200576
1.737	0.800367634919
1.738	0.800160198325
1.739	0.799952890664
1.740	0.799745711810
1.741	0.799538661632
1.742	0.799331740004
1.743	0.799124946795
1.744	0.798918281880
1.745	0.798711745129
1.746	0.798505336416
1.747	0.798299055613
1.748	0.798092902593
1.749	0.797886877228
1.750	0.797680979392
1.751	0.797475208958
1.752	0.797269565800
1.753	0.797064049790
1.754	0.796858660804
1.755	0.796653398715
1.756	0.796448263397
1.757	0.796243254724
1.758	0.796038372571
1.759	0.795833616813
1.760	0.795628987325
1.761	0.795424483980
1.762	0.795220106656
1.763	0.795015855227
1.764	0.794811729568
1.765	0.794607729555
1.766	0.794403855064
1.767	0.794200105972
1.768	0.793996482154
1.769	0.793792983486
1.770	0.793589609846
1.771	0.793386361110
1.772	0.793183237154
1.773	0.792980237857
1.774	0.792777363094
1.775	0.792574612744
1.776	0.792371986684
1.777	0.792169484792
1.778	0.791967106945
1.779	0.791764853022
1.780	0.791562722901
1.781	0.791360716460
1.782	0.791158833577
1.783	0.790957074133
1.784	0.790755438004
1.785	0.790553925071
1.786	0.790352535212
1.787	0.790151268307
1.788	0.789950124235
1.789	0.789749102877
1.790	0.789548204111
1.791	0.789347427819
1.792	0.789146773879
1.793	0.788946242173
1.794	0.788745832581
1.795	0.788545544984
1.796	0.788345379261
1.797	0.788145335296
1.798	0.787945412967
1.799	0.787745612158
1.800	0.787545932748
1.801	0.787346374621
1.802	0.787146937657
1.803	0.786947621739
1.804	0.786748426748
1.805	0.786549352568
1.806	0.786350399079
1.807	0.786151566166
1.808	0.785952853710
1.809	0.785754261595
1.810	0.785555789703
1.811	0.785357437918
1.812	0.785159206123
1.813	0.784961094201
1.814	0.784763102037
1.815	0.784565229514
1.816	0.784367476516
1.817	0.784169842927
1.818	0.783972328631
1.819	0.783774933514
1.820	0.783577657459
1.821	0.783380500351
1.822	0.783183462075
1.823	0.782986542517
1.824	0.782789741561
1.825	0.782593059092
1.826	0.782396494997
1.827	0.782200049161
1.828	0.782003721470
1.829	0.781807511809
1.830	0.781611420066
1.831	0.781415446125
1.832	0.781219589874
1.833	0.781023851199
1.834	0.780828229987
1.835	0.780632726125
1.836	0.780437339500
1.837	0.780242069999
1.838	0.780046917508
1.839	0.779851881917
1.840	0.779656963112
1.841	0.779462160982
1.842	0.779267475413
1.843	0.779072906295
1.844	0.778878453515
1.845	0.778684116961
1.846	0.778489896524
1.847	0.778295792090
1.848	0.778101803548
1.849	0.777907930789
1.850	0.777714173700
1.851	0.777520532172
1.852	0.777327006093
1.853	0.777133595353
1.854	0.776940299842
1.855	0.776747119450
1.856	0.776554054066
1.857	0.776361103580
1.858	0.776168267884
1.859	0.775975546867
1.860	0.775782940420
1.861	0.775590448434
1.862	0.775398070799
1.863	0.775205807407
1.864	0.775013658148
1.865	0.774821622914
1.866	0.774629701597
1.867	0.774437894087
1.868	0.774246200277
1.869	0.774054620059
1.870	0.773863153324
1.871	0.773671799964
1.872	0.773480559872
1.873	0.773289432941
1.874	0.773098419063
1.875	0.772907518130
1.876	0.772716730035
1.877	0.772526054672
1.878	0.772335491933
1.879	0.772145041712
1.880	0.771954703902
1.881	0.771764478397
1.882	0.771574365090
1.883	0.771384363875
1.884	0.771194474646
1.885	0.771004697298
1.886	0.770815031724
1.887	0.770625477818
1.888	0.770436035476
1.889	0.770246704592
1.890	0.770057485061
1.891	0.769868376777
1.892	0.769679379636
1.893	0.769490493533
1.894	0.769301718363
1.895	0.769113054022
1.896	0.768924500405
1.897	0.768736057408
1.898	0.768547724927
1.899	0.768359502858
1.900	0.768171391097
1.901	0.767983389541
1.902	0.767795498085
1.903	0.767607716626
1.904	0.767420045061
1.905	0.767232483287
1.906	0.767045031200
1.907	0.766857688699
1.908	0.766670455679
1.909	0.766483332039
1.910	0.766296317676
1.911	0.766109412487
1.912	0.765922616370
1.913	0.765735929223
1.914	0.765549350944
1.915	0.765362881432
1.916	0.765176520584
1.917	0.764990268299
1.918	0.764804124475
1.919	0.764618089011
1.920	0.764432161807
1.921	0.764246342760
1.922	0.764060631769
1.923	0.763875028735
1.924	0.763689533557
1.925	0.763504146133
1.926	0.763318866363
1.927	0.763133694147
1.928	0.762948629386
1.929	0.762763671978
1.930	0.762578821824
1.931	0.762394078825
1.932	0.762209442880
1.933	0.762024913889
1.934	0.761840491755
1.935	0.761656176377
1.936	0.761471967656
1.937	0.761287865493
1.938	0.761103869789
1.939	0.760919980446
1.940	0.760736197365
1.941	0.760552520447
1.942	0.760368949594
1.943	0.760185484708
1.944	0.760002125690
1.945	0.759818872443
1.946	0.759635724869
1.947	0.759452682869
1.948	0.759269746347
1.949	0.759086915205
1.950	0.758904189345
1.951	0.758721568670
1.952	0.758539053083
1.953	0.758356642487
1.954	0.758174336785
1.955	0.757992135881
1.956	0.757810039677
1.957	0.757628048078
1.958	0.757446160986
1.959	0.757264378306
1.960	0.757082699941
1.961	0.756901125795
1.962	0.756719655773
1.963	0.756538289779
1.964	0.756357027716
1.965	0.756175869490
1.966	0.755994815005
1.967	0.755813864165
1.968	0.755633016876
1.969	0.755452273043
1.970	0.755271632570
1.971	0.755091095363
1.972	0.754910661327
1.973	0.754730330367
1.974	0.754550102389
1.975	0.754369977299
1.976	0.754189955002
1.977	0.754010035404
1.978	0.753830218412
1.979	0.753650503931
1.980	0.753470891868
1.981	0.753291382129
1.982	0.753111974621
1.983	0.752932669250
1.984	0.752753465922
1.985	0.752574364546
1.986	0.752395365027
1.987	0.752216467273
1.988	0.752037671191
1.989	0.751858976688
1.990	0.751680383672
1.991	0.751501892050
1.992	0.751323501730
1.993	0.751145212620
1.994	0.750967024627
1.995	0.750788937660
1.996	0.750610951627
1.997	0.750433066436
1.998	0.750255281995
1.999	0.750077598212
2.000	0.749900014998
