0.000	1.6449340668481
0.001	1.6437330912323
0.002	1.6425342740555
0.003	1.6413376091328
0.004	1.6401430903032
0.005	1.6389507114299
0.006	1.6377604663999
0.007	1.6365723491240
0.008	1.6353863535370
0.009	1.6342024735970
0.010	1.6330207032857
0.011	1.6318410366081
0.012	1.6306634675924
0.013	1.6294879902900
0.014	1.6283145987753
0.015	1.6271432871457
0.016	1.6259740495211
0.017	1.6248068800445
0.018	1.6236417728811
0.019	1.6224787222187
0.020	1.6213177222675
0.021	1.6201587672599
0.022	1.6190018514504
0.023	1.6178469691156
0.024	1.6166941145539
0.025	1.6155432820857
0.026	1.6143944660528
0.027	1.6132476608191
0.028	1.6121028607694
0.029	1.6109600603105
0.030	1.6098192538700
0.031	1.6086804358969
0.032	1.6075436008613
0.033	1.6064087432544
0.034	1.6052758575880
0.035	1.6041449383948
0.036	1.6030159802284
0.037	1.6018889776628
0.038	1.6007639252924
0.039	1.5996408177322
0.040	1.5985196496174
0.041	1.5974004156035
0.042	1.5962831103658
0.043	1.5951677286000
0.044	1.5940542650214
0.045	1.5929427143654
0.046	1.5918330713869
0.047	1.5907253308606
0.048	1.5896194875805
0.049	1.5885155363604
0.050	1.5874134720331
0.051	1.5863132894510
0.052	1.5852149834853
0.053	1.5841185490266
0.054	1.5830239809843
0.055	1.5819312742869
0.056	1.5808404238816
0.057	1.5797514247342
0.058	1.5786642718294
0.059	1.5775789601702
0.060	1.5764954847783
0.061	1.5754138406937
0.062	1.5743340229746
0.063	1.5732560266974
0.064	1.5721798469568
0.065	1.5711054788655
0.066	1.5700329175540
0.067	1.5689621581709
0.068	1.5678931958823
0.069	1.5668260258723
0.070	1.5657606433424
0.071	1.5646970435119
0.072	1.5636352216173
0.073	1.5625751729126
0.074	1.5615168926692
0.075	1.5604603761755
0.076	1.5594056187373
0.077	1.5583526156772
0.078	1.5573013623350
0.079	1.5562518540673
0.080	1.5552040862476
0.081	1.5541580542662
0.082	1.5531137535298
0.083	1.5520711794621
0.084	1.5510303275030
0.085	1.5499911931091
0.086	1.5489537717531
0.087	1.5479180589243
0.088	1.5468840501281
0.089	1.5458517408859
0.090	1.5448211267354
0.091	1.5437922032303
0.092	1.5427649659401
0.093	1.5417394104502
0.094	1.5407155323618
0.095	1.5396933272919
0.096	1.5386727908732
0.097	1.5376539187536
0.098	1.5366367065970
0.099	1.5356211500825
0.100	1.5346072449044
0.101	1.5335949867727
0.102	1.5325843714123
0.103	1.5315753945634
0.104	1.5305680519813
0.105	1.5295623394362
0.106	1.5285582527135
0.107	1.5275557876133
0.108	1.5265549399506
0.109	1.5255557055550
0.110	1.5245580802711
0.111	1.5235620599580
0.112	1.5225676404892
0.113	1.5215748177529
0.114	1.5205835876516
0.115	1.5195939461024
0.116	1.5186058890364
0.117	1.5176194123991
0.118	1.5166345121502
0.119	1.5156511842635
0.120	1.5146694247269
0.121	1.5136892295421
0.122	1.5127105947251
0.123	1.5117335163053
0.124	1.5107579903263
0.125	1.5097840128453
0.126	1.5088115799332
0.127	1.5078406876744
0.128	1.5068713321672
0.129	1.5059035095231
0.130	1.5049372158671
0.131	1.5039724473378
0.132	1.5030092000868
0.133	1.5020474702793
0.134	1.5010872540935
0.135	1.5001285477209
0.136	1.4991713473660
0.137	1.4982156492464
0.138	1.4972614495927
0.139	1.4963087446484
0.140	1.4953575306698
0.141	1.4944078039261
0.142	1.4934595606995
0.143	1.4925127972844
0.144	1.4915675099883
0.145	1.4906236951311
0.146	1.4896813490453
0.147	1.4887404680758
0.148	1.4878010485801
0.149	1.4868630869280
0.150	1.4859265795016
0.151	1.4849915226953
0.152	1.4840579129158
0.153	1.4831257465818
0.154	1.4821950201243
0.155	1.4812657299864
0.156	1.4803378726230
0.157	1.4794114445011
0.158	1.4784864420996
0.159	1.4775628619093
0.160	1.4766407004328
0.161	1.4757199541845
0.162	1.4748006196903
0.163	1.4738826934880
0.164	1.4729661721270
0.165	1.4720510521682
0.166	1.4711373301840
0.167	1.4702250027582
0.168	1.4693140664863
0.169	1.4684045179748
0.170	1.4674963538419
0.171	1.4665895707167
0.172	1.4656841652398
0.173	1.4647801340629
0.174	1.4638774738488
0.175	1.4629761812715
0.176	1.4620762530158
0.177	1.4611776857777
0.178	1.4602804762641
0.179	1.4593846211928
0.180	1.4584901172925
0.181	1.4575969613026
0.182	1.4567051499734
0.183	1.4558146800658
0.184	1.4549255483514
0.185	1.4540377516125
0.186	1.4531512866419
0.187	1.4522661502431
0.188	1.4513823392298
0.189	1.4504998504265
0.190	1.4496186806680
0.191	1.4487388267992
0.192	1.4478602856757
0.193	1.4469830541633
0.194	1.4461071291379
0.195	1.4452325074856
0.196	1.4443591861028
0.197	1.4434871618960
0.198	1.4426164317817
0.199	1.4417469926864
0.200	1.4408788415467
0.201	1.4400119753090
0.202	1.4391463909298
0.203	1.4382820853753
0.204	1.4374190556216
0.205	1.4365572986546
0.206	1.4356968114700
0.207	1.4348375910731
0.208	1.4339796344788
0.209	1.4331229387118
0.210	1.4322675008063
0.211	1.4314133178062
0.212	1.4305603867646
0.213	1.4297087047443
0.214	1.4288582688175
0.215	1.4280090760659
0.216	1.4271611235803
0.217	1.4263144084609
0.218	1.4254689278174
0.219	1.4246246787686
0.220	1.4237816584423
0.221	1.4229398639757
0.222	1.4220992925153
0.223	1.4212599412162
0.224	1.4204218072431
0.225	1.4195848877693
0.226	1.4187491799773
0.227	1.4179146810585
0.228	1.4170813882132
0.229	1.4162492986506
0.230	1.4154184095888
0.231	1.4145887182545
0.232	1.4137602218835
0.233	1.4129329177201
0.234	1.4121068030172
0.235	1.4112818750367
0.236	1.4104581310488
0.237	1.4096355683326
0.238	1.4088141841756
0.239	1.4079939758737
0.240	1.4071749407316
0.241	1.4063570760622
0.242	1.4055403791869
0.243	1.4047248474357
0.244	1.4039104781466
0.245	1.4030972686661
0.246	1.4022852163492
0.247	1.4014743185588
0.248	1.4006645726663
0.249	1.3998559760511
0.250	1.3990485261010
0.251	1.3982422202117
0.252	1.3974370557871
0.253	1.3966330302391
0.254	1.3958301409879
0.255	1.3950283854613
0.256	1.3942277610954
0.257	1.3934282653341
0.258	1.3926298956293
0.259	1.3918326494406
0.260	1.3910365242356
0.261	1.3902415174897
0.262	1.3894476266861
0.263	1.3886548493157
0.264	1.3878631828772
0.265	1.3870726248770
0.266	1.3862831728290
0.267	1.3854948242550
0.268	1.3847075766841
0.269	1.3839214276533
0.270	1.3831363747070
0.271	1.3823524153971
0.272	1.3815695472829
0.273	1.3807877679315
0.274	1.3800070749170
0.275	1.3792274658212
0.276	1.3784489382333
0.277	1.3776714897495
0.278	1.3768951179737
0.279	1.3761198205169
0.280	1.3753455949975
0.281	1.3745724390409
0.282	1.3738003502800
0.283	1.3730293263546
0.284	1.3722593649118
0.285	1.3714904636059
0.286	1.3707226200981
0.287	1.3699558320568
0.288	1.3691900971574
0.289	1.3684254130824
0.290	1.3676617775212
0.291	1.3668991881701
0.292	1.3661376427325
0.293	1.3653771389186
0.294	1.3646176744455
0.295	1.3638592470371
0.296	1.3631018544243
0.297	1.3623454943447
0.298	1.3615901645426
0.299	1.3608358627692
0.300	1.3600825867824
0.301	1.3593303343466
0.302	1.3585791032332
0.303	1.3578288912200
0.304	1.3570796960916
0.305	1.3563315156391
0.306	1.3555843476601
0.307	1.3548381899589
0.308	1.3540930403463
0.309	1.3533488966396
0.310	1.3526057566625
0.311	1.3518636182452
0.312	1.3511224792244
0.313	1.3503823374431
0.314	1.3496431907507
0.315	1.3489050370030
0.316	1.3481678740622
0.317	1.3474316997966
0.318	1.3466965120810
0.319	1.3459623087963
0.320	1.3452290878297
0.321	1.3444968470748
0.322	1.3437655844310
0.323	1.3430352978043
0.324	1.3423059851065
0.325	1.3415776442556
0.326	1.3408502731760
0.327	1.3401238697978
0.328	1.3393984320572
0.329	1.3386739578968
0.330	1.3379504452647
0.331	1.3372278921153
0.332	1.3365062964090
0.333	1.3357856561120
0.334	1.3350659691964
0.335	1.3343472336403
0.336	1.3336294474277
0.337	1.3329126085484
0.338	1.3321967149980
0.339	1.3314817647780
0.340	1.3307677558956
0.341	1.3300546863639
0.342	1.3293425542017
0.343	1.3286313574334
0.344	1.3279210940893
0.345	1.3272117622052
0.346	1.3265033598228
0.347	1.3257958849893
0.348	1.3250893357575
0.349	1.3243837101858
0.350	1.3236790063384
0.351	1.3229752222847
0.352	1.3222723560999
0.353	1.3215704058648
0.354	1.3208693696655
0.355	1.3201692455935
0.356	1.3194700317462
0.357	1.3187717262259
0.358	1.3180743271408
0.359	1.3173778326042
0.360	1.3166822407348
0.361	1.3159875496569
0.362	1.3152937574999
0.363	1.3146008623987
0.364	1.3139088624933
0.365	1.3132177559292
0.366	1.3125275408571
0.367	1.3118382154329
0.368	1.3111497778178
0.369	1.3104622261781
0.370	1.3097755586855
0.371	1.3090897735167
0.372	1.3084048688537
0.373	1.3077208428833
0.374	1.3070376937980
0.375	1.3063554197948
0.376	1.3056740190761
0.377	1.3049934898495
0.378	1.3043138303273
0.379	1.3036350387271
0.380	1.3029571132713
0.381	1.3022800521875
0.382	1.3016038537082
0.383	1.3009285160707
0.384	1.3002540375175
0.385	1.2995804162959
0.386	1.2989076506581
0.387	1.2982357388612
0.388	1.2975646791671
0.389	1.2968944698427
0.390	1.2962251091596
0.391	1.2955565953943
0.392	1.2948889268281
0.393	1.2942221017471
0.394	1.2935561184420
0.395	1.2928909752086
0.396	1.2922266703470
0.397	1.2915632021624
0.398	1.2909005689644
0.399	1.2902387690676
0.400	1.2895778007910
0.401	1.2889176624583
0.402	1.2882583523980
0.403	1.2875998689430
0.404	1.2869422104310
0.405	1.2862853752041
0.406	1.2856293616092
0.407	1.2849741679974
0.408	1.2843197927248
0.409	1.2836662341517
0.410	1.2830134906430
0.411	1.2823615605680
0.412	1.2817104423006
0.413	1.2810601342193
0.414	1.2804106347066
0.415	1.2797619421499
0.416	1.2791140549407
0.417	1.2784669714751
0.418	1.2778206901534
0.419	1.2771752093805
0.420	1.2765305275654
0.421	1.2758866431217
0.422	1.2752435544670
0.423	1.2746012600235
0.424	1.2739597582176
0.425	1.2733190474799
0.426	1.2726791262454
0.427	1.2720399929533
0.428	1.2714016460469
0.429	1.2707640839739
0.430	1.2701273051862
0.431	1.2694913081398
0.432	1.2688560912948
0.433	1.2682216531157
0.434	1.2675879920711
0.435	1.2669551066334
0.436	1.2663229952796
0.437	1.2656916564906
0.438	1.2650610887512
0.439	1.2644312905506
0.440	1.2638022603818
0.441	1.2631739967420
0.442	1.2625464981326
0.443	1.2619197630585
0.444	1.2612937900292
0.445	1.2606685775578
0.446	1.2600441241616
0.447	1.2594204283617
0.448	1.2587974886833
0.449	1.2581753036555
0.450	1.2575538718113
0.451	1.2569331916875
0.452	1.2563132618251
0.453	1.2556940807687
0.454	1.2550756470669
0.455	1.2544579592723
0.456	1.2538410159410
0.457	1.2532248156332
0.458	1.2526093569129
0.459	1.2519946383479
0.460	1.2513806585096
0.461	1.2507674159736
0.462	1.2501549093189
0.463	1.2495431371283
0.464	1.2489320979886
0.465	1.2483217904901
0.466	1.2477122132268
0.467	1.2471033647967
0.468	1.2464952438011
0.469	1.2458878488453
0.470	1.2452811785380
0.471	1.2446752314919
0.472	1.2440700063231
0.473	1.2434655016514
0.474	1.2428617161002
0.475	1.2422586482964
0.476	1.2416562968709
0.477	1.2410546604577
0.478	1.2404537376947
0.479	1.2398535272233
0.480	1.2392540276883
0.481	1.2386552377381
0.482	1.2380571560249
0.483	1.2374597812040
0.484	1.2368631119345
0.485	1.2362671468788
0.486	1.2356718847030
0.487	1.2350773240764
0.488	1.2344834636721
0.489	1.2338903021663
0.490	1.2332978382388
0.491	1.2327060705728
0.492	1.2321149978551
0.493	1.2315246187755
0.494	1.2309349320276
0.495	1.2303459363081
0.496	1.2297576303171
0.497	1.2291700127584
0.498	1.2285830823386
0.499	1.2279968377680
0.500	1.2274112777602
0.501	1.2268264010320
0.502	1.2262422063035
0.503	1.2256586922983
0.504	1.2250758577430
0.505	1.2244937013676
0.506	1.2239122219054
0.507	1.2233314180930
0.508	1.2227512886700
0.509	1.2221718323794
0.510	1.2215930479675
0.511	1.2210149341836
0.512	1.2204374897804
0.513	1.2198607135136
0.514	1.2192846041423
0.515	1.2187091604284
0.516	1.2181343811374
0.517	1.2175602650377
0.518	1.2169868109008
0.519	1.2164140175014
0.520	1.2158418836174
0.521	1.2152704080297
0.522	1.2146995895222
0.523	1.2141294268822
0.524	1.2135599188997
0.525	1.2129910643680
0.526	1.2124228620834
0.527	1.2118553108452
0.528	1.2112884094558
0.529	1.2107221567207
0.530	1.2101565514483
0.531	1.2095915924499
0.532	1.2090272785401
0.533	1.2084636085362
0.534	1.2079005812586
0.535	1.2073381955307
0.536	1.2067764501788
0.537	1.2062153440322
0.538	1.2056548759231
0.539	1.2050950446866
0.540	1.2045358491609
0.541	1.2039772881869
0.542	1.2034193606084
0.543	1.2028620652723
0.544	1.2023054010282
0.545	1.2017493667287
0.546	1.2011939612291
0.547	1.2006391833878
0.548	1.2000850320658
0.549	1.1995315061271
0.550	1.1989786044385
0.551	1.1984263258695
0.552	1.1978746692926
0.553	1.1973236335831
0.554	1.1967732176188
0.555	1.1962234202807
0.556	1.1956742404523
0.557	1.1951256770199
0.558	1.1945777288727
0.559	1.1940303949024
0.560	1.1934836740038
0.561	1.1929375650742
0.562	1.1923920670135
0.563	1.1918471787246
0.564	1.1913028991130
0.565	1.1907592270869
0.566	1.1902161615570
0.567	1.1896737014371
0.568	1.1891318456433
0.569	1.1885905930944
0.570	1.1880499427122
0.571	1.1875098934208
0.572	1.1869704441469
0.573	1.1864315938202
0.574	1.1858933413727
0.575	1.1853556857392
0.576	1.1848186258569
0.577	1.1842821606659
0.578	1.1837462891085
0.579	1.1832110101301
0.580	1.1826763226781
0.581	1.1821422257029
0.582	1.1816087181574
0.583	1.1810757989967
0.584	1.1805434671790
0.585	1.1800117216646
0.586	1.1794805614165
0.587	1.1789499854002
0.588	1.1784199925837
0.589	1.1778905819376
0.590	1.1773617524348
0.591	1.1768335030508
0.592	1.1763058327637
0.593	1.1757787405539
0.594	1.1752522254044
0.595	1.1747262863004
0.596	1.1742009222300
0.597	1.1736761321832
0.598	1.1731519151530
0.599	1.1726282701344
0.600	1.1721051961250
0.601	1.1715826921248
0.602	1.1710607571362
0.603	1.1705393901640
0.604	1.1700185902153
0.605	1.1694983562999
0.606	1.1689786874295
0.607	1.1684595826186
0.608	1.1679410408839
0.609	1.1674230612443
0.610	1.1669056427212
0.611	1.1663887843385
0.612	1.1658724851222
0.613	1.1653567441007
0.614	1.1648415603046
0.615	1.1643269327671
0.616	1.1638128605235
0.617	1.1632993426114
0.618	1.1627863780707
0.619	1.1622739659438
0.620	1.1617621052750
0.621	1.1612507951112
0.622	1.1607400345013
0.623	1.1602298224967
0.624	1.1597201581510
0.625	1.1592110405199
0.626	1.1587024686615
0.627	1.1581944416359
0.628	1.1576869585058
0.629	1.1571800183358
0.630	1.1566736201928
0.631	1.1561677631460
0.632	1.1556624462666
0.633	1.1551576686282
0.634	1.1546534293065
0.635	1.1541497273793
0.636	1.1536465619267
0.637	1.1531439320310
0.638	1.1526418367764
0.639	1.1521402752495
0.640	1.1516392465390
0.641	1.1511387497356
0.642	1.1506387839324
0.643	1.1501393482243
0.644	1.1496404417087
0.645	1.1491420634847
0.646	1.1486442126538
0.647	1.1481468883195
0.648	1.1476500895875
0.649	1.1471538155653
0.650	1.1466580653628
0.651	1.1461628380919
0.652	1.1456681328665
0.653	1.1451739488026
0.654	1.1446802850182
0.655	1.1441871406334
0.656	1.1436945147704
0.657	1.1432024065534
0.658	1.1427108151086
0.659	1.1422197395642
0.660	1.1417291790506
0.661	1.1412391327000
0.662	1.1407495996468
0.663	1.1402605790272
0.664	1.1397720699795
0.665	1.1392840716441
0.666	1.1387965831631
0.667	1.1383096036810
0.668	1.1378231323440
0.669	1.1373371683002
0.670	1.1368517106998
0.671	1.1363667586950
0.672	1.1358823114398
0.673	1.1353983680903
0.674	1.1349149278044
0.675	1.1344319897421
0.676	1.1339495530653
0.677	1.1334676169375
0.678	1.1329861805246
0.679	1.1325052429942
0.680	1.1320248035157
0.681	1.1315448612605
0.682	1.1310654154019
0.683	1.1305864651152
0.684	1.1301080095774
0.685	1.1296300479674
0.686	1.1291525794661
0.687	1.1286756032561
0.688	1.1281991185221
0.689	1.1277231244504
0.690	1.1272476202294
0.691	1.1267726050490
0.692	1.1262980781014
0.693	1.1258240385803
0.694	1.1253504856812
0.695	1.1248774186017
0.696	1.1244048365411
0.697	1.1239327387004
0.698	1.1234611242825
0.699	1.1229899924921
0.700	1.1225193425357
0.701	1.1220491736217
0.702	1.1215794849601
0.703	1.1211102757628
0.704	1.1206415452434
0.705	1.1201732926173
0.706	1.1197055171018
0.707	1.1192382179158
0.708	1.1187713942801
0.709	1.1183050454170
0.710	1.1178391705509
0.711	1.1173737689076
0.712	1.1169088397149
0.713	1.1164443822023
0.714	1.1159803956008
0.715	1.1155168791433
0.716	1.1150538320646
0.717	1.1145912536008
0.718	1.1141291429901
0.719	1.1136674994722
0.720	1.1132063222884
0.721	1.1127456106820
0.722	1.1122853638978
0.723	1.1118255811822
0.724	1.1113662617834
0.725	1.1109074049514
0.726	1.1104490099376
0.727	1.1099910759952
0.728	1.1095336023792
0.729	1.1090765883459
0.730	1.1086200331537
0.731	1.1081639360622
0.732	1.1077082963331
0.733	1.1072531132293
0.734	1.1067983860155
0.735	1.1063441139583
0.736	1.1058902963255
0.737	1.1054369323867
0.738	1.1049840214132
0.739	1.1045315626778
0.740	1.1040795554549
0.741	1.1036279990206
0.742	1.1031768926525
0.743	1.1027262356298
0.744	1.1022760272334
0.745	1.1018262667457
0.746	1.1013769534506
0.747	1.1009280866337
0.748	1.1004796655821
0.749	1.1000316895845
0.750	1.0995841579312
0.751	1.0991370699139
0.752	1.0986904248261
0.753	1.0982442219627
0.754	1.0977984606200
0.755	1.0973531400962
0.756	1.0969082596907
0.757	1.0964638187046
0.758	1.0960198164405
0.759	1.0955762522025
0.760	1.0951331252963
0.761	1.0946904350290
0.762	1.0942481807093
0.763	1.0938063616472
0.764	1.0933649771546
0.765	1.0929240265445
0.766	1.0924835091317
0.767	1.0920434242322
0.768	1.0916037711637
0.769	1.0911645492454
0.770	1.0907257577978
0.771	1.0902873961429
0.772	1.0898494636044
0.773	1.0894119595073
0.774	1.0889748831779
0.775	1.0885382339442
0.776	1.0881020111356
0.777	1.0876662140829
0.778	1.0872308421184
0.779	1.0867958945758
0.780	1.0863613707903
0.781	1.0859272700983
0.782	1.0854935918380
0.783	1.0850603353487
0.784	1.0846274999714
0.785	1.0841950850482
0.786	1.0837630899229
0.787	1.0833315139406
0.788	1.0829003564478
0.789	1.0824696167924
0.790	1.0820392943237
0.791	1.0816093883923
0.792	1.0811798983505
0.793	1.0807508235516
0.794	1.0803221633506
0.795	1.0798939171036
0.796	1.0794660841683
0.797	1.0790386639037
0.798	1.0786116556701
0.799	1.0781850588292
0.800	1.0777588727442
0.801	1.0773330967795
0.802	1.0769077303008
0.803	1.0764827726754
0.804	1.0760582232716
0.805	1.0756340814594
0.806	1.0752103466099
0.807	1.0747870180956
0.808	1.0743640952904
0.809	1.0739415775693
0.810	1.0735194643090
0.811	1.0730977548872
0.812	1.0726764486831
0.813	1.0722555450770
0.814	1.0718350434508
0.815	1.0714149431875
0.816	1.0709952436714
0.817	1.0705759442883
0.818	1.0701570444251
0.819	1.0697385434701
0.820	1.0693204408127
0.821	1.0689027358439
0.822	1.0684854279556
0.823	1.0680685165414
0.824	1.0676520009959
0.825	1.0672358807151
0.826	1.0668201550960
0.827	1.0664048235373
0.828	1.0659898854386
0.829	1.0655753402009
0.830	1.0651611872265
0.831	1.0647474259189
0.832	1.0643340556829
0.833	1.0639210759243
0.834	1.0635084860506
0.835	1.0630962854700
0.836	1.0626844735924
0.837	1.0622730498288
0.838	1.0618620135911
0.839	1.0614513642930
0.840	1.0610411013489
0.841	1.0606312241748
0.842	1.0602217321876
0.843	1.0598126248057
0.844	1.0594039014485
0.845	1.0589955615368
0.846	1.0585876044923
0.847	1.0581800297382
0.848	1.0577728366988
0.849	1.0573660247995
0.850	1.0569595934671
0.851	1.0565535421293
0.852	1.0561478702152
0.853	1.0557425771551
0.854	1.0553376623803
0.855	1.0549331253234
0.856	1.0545289654182
0.857	1.0541251820995
0.858	1.0537217748035
0.859	1.0533187429673
0.860	1.0529160860295
0.861	1.0525138034295
0.862	1.0521118946081
0.863	1.0517103590071
0.864	1.0513091960695
0.865	1.0509084052395
0.866	1.0505079859624
0.867	1.0501079376847
0.868	1.0497082598538
0.869	1.0493089519186
0.870	1.0489100133287
0.871	1.0485114435353
0.872	1.0481132419904
0.873	1.0477154081471
0.874	1.0473179414598
0.875	1.0469208413840
0.876	1.0465241073761
0.877	1.0461277388939
0.878	1.0457317353961
0.879	1.0453360963426
0.880	1.0449408211944
0.881	1.0445459094134
0.882	1.0441513604630
0.883	1.0437571738073
0.884	1.0433633489116
0.885	1.0429698852425
0.886	1.0425767822674
0.887	1.0421840394549
0.888	1.0417916562746
0.889	1.0413996321975
0.890	1.0410079666951
0.891	1.0406166592405
0.892	1.0402257093077
0.893	1.0398351163715
0.894	1.0394448799082
0.895	1.0390549993947
0.896	1.0386654743095
0.897	1.0382763041316
0.898	1.0378874883415
0.899	1.0374990264203
0.900	1.0371109178507
0.901	1.0367231621159
0.902	1.0363357587004
0.903	1.0359487070898
0.904	1.0355620067707
0.905	1.0351756572305
0.906	1.0347896579580
0.907	1.0344040084427
0.908	1.0340187081754
0.909	1.0336337566476
0.910	1.0332491533521
0.911	1.0328648977826
0.912	1.0324809894339
0.913	1.0320974278017
0.914	1.0317142123827
0.915	1.0313313426747
0.916	1.0309488181764
0.917	1.0305666383877
0.918	1.0301848028093
0.919	1.0298033109429
0.920	1.0294221622912
0.921	1.0290413563581
0.922	1.0286608926483
0.923	1.0282807706674
0.924	1.0279009899221
0.925	1.0275215499202
0.926	1.0271424501703
0.927	1.0267636901821
0.928	1.0263852694660
0.929	1.0260071875338
0.930	1.0256294438979
0.931	1.0252520380718
0.932	1.0248749695701
0.933	1.0244982379082
0.934	1.0241218426024
0.935	1.0237457831702
0.936	1.0233700591297
0.937	1.0229946700003
0.938	1.0226196153022
0.939	1.0222448945566
0.940	1.0218705072854
0.941	1.0214964530118
0.942	1.0211227312597
0.943	1.0207493415541
0.944	1.0203762834208
0.945	1.0200035563865
0.946	1.0196311599791
0.947	1.0192590937270
0.948	1.0188873571600
0.949	1.0185159498084
0.950	1.0181448712038
0.951	1.0177741208783
0.952	1.0174036983653
0.953	1.0170336031990
0.954	1.0166638349143
0.955	1.0162943930473
0.956	1.0159252771349
0.957	1.0155564867148
0.958	1.0151880213258
0.959	1.0148198805074
0.960	1.0144520638002
0.961	1.0140845707455
0.962	1.0137174008856
0.963	1.0133505537637
0.964	1.0129840289238
0.965	1.0126178259110
0.966	1.0122519442709
0.967	1.0118863835505
0.968	1.0115211432972
0.969	1.0111562230596
0.970	1.0107916223869
0.971	1.0104273408295
0.972	1.0100633779384
0.973	1.0096997332656
0.974	1.0093364063639
0.975	1.0089733967871
0.976	1.0086107040897
0.977	1.0082483278272
0.978	1.0078862675558
0.979	1.0075245228326
0.980	1.0071630932157
0.981	1.0068019782640
0.982	1.0064411775371
0.983	1.0060806905956
0.984	1.0057205170008
0.985	1.0053606563151
0.986	1.0050011081016
0.987	1.0046418719240
0.988	1.0042829473473
0.989	1.0039243339370
0.990	1.0035660312595
0.991	1.0032080388822
0.992	1.0028503563731
0.993	1.0024929833011
0.994	1.0021359192360
0.995	1.0017791637484
0.996	1.0014227164096
0.997	1.0010665767920
0.998	1.0007107444685
0.999	1.0003552190129
1.000	1.0000000000000
1.001	0.9996450870052
1.002	0.9992904796049
1.003	0.9989361773760
1.004	0.9985821798966
1.005	0.9982284867453
1.006	0.9978750975017
1.007	0.9975220117460
1.008	0.9971692290593
1.009	0.9968167490236
1.010	0.9964645712216
1.011	0.9961126952368
1.012	0.9957611206534
1.013	0.9954098470565
1.014	0.9950588740320
1.015	0.9947082011665
1.016	0.9943578280475
1.017	0.9940077542632
1.018	0.9936579794025
1.019	0.9933085030552
1.020	0.9929593248119
1.021	0.9926104442638
1.022	0.9922618610031
1.023	0.9919135746227
1.024	0.9915655847161
1.025	0.9912459599623
1.026	0.9908704927028
1.027	0.9905535394866
1.028	0.9901765817276
1.029	0.9898622753258
1.030	0.9894838485669
1.031	0.9891721645224
1.032	0.9887922900093
1.033	0.9884832041280
1.034	0.9881019028555
1.035	0.9877953912027
1.036	0.9874126839181
1.037	0.9871087228155
1.038	0.9867246300218
1.039	0.9864231960441
1.040	0.9860377380030
1.041	0.9857388079752
1.042	0.9853520047101
1.043	0.9850555557038
1.044	0.9846674270031
1.045	0.9843734363340
1.046	0.9839840017538
1.047	0.9836924469785
1.048	0.9833017258457
1.049	0.9830125847588
1.050	0.9826205961739
1.051	0.9823338468048
1.052	0.9819406096450
1.053	0.9816562302555
1.054	0.9812617631771
1.055	0.9809797322581
1.056	0.9805840536999
1.057	0.9803043499689
1.058	0.9799074781541
1.059	0.9796300805526
1.060	0.9792320334923
1.061	0.9789569211824
1.062	0.9785577166778
1.063	0.9782848690403
1.064	0.9778845246855
1.065	0.9776139213168
1.066	0.9772124545014
1.067	0.9769440752111
1.068	0.9765415031226
1.069	0.9762753279308
1.070	0.9758716675573
1.071	0.9756076766919
1.072	0.9752029448246
1.073	0.9749411187194
1.074	0.9745353319547
1.075	0.9742756512463
1.076	0.9738688259887
1.077	0.9736112715143
1.078	0.9732034239785
1.079	0.9729479767735
1.080	0.9725391229868
1.081	0.9722857642827
1.082	0.9718759200872
1.083	0.9716246313087
1.084	0.9712138123639
1.085	0.9709645751271
1.086	0.9705527969119
1.087	0.9703055930216
1.088	0.9698928708365
1.089	0.9696476822845
1.090	0.9692340312539
1.091	0.9689908402162
1.092	0.9685762752907
1.093	0.9683350641258
1.094	0.9679196000839
1.095	0.9676803513304
1.096	0.9672640027809
1.097	0.9670266991555
1.098	0.9666094805398
1.099	0.9663741049349
1.100	0.9659560305285
1.101	0.9657225660106
1.102	0.9653036499256
1.103	0.9650720797329
1.104	0.9646523359197
1.105	0.9644226434603
1.106	0.9640020857096
1.107	0.9637742545595
1.108	0.9633528965045
1.109	0.9631269104053
1.110	0.9627047655232
1.111	0.9624806083807
1.112	0.9620576899949
1.113	0.9618353458770
1.114	0.9614116671588
1.115	0.9611911202933
1.116	0.9607666942639
1.117	0.9604446006874
1.118	0.9601227685691
1.119	0.9598011975678
1.120	0.9594798873432
1.121	0.9591588375553
1.122	0.9588380478649
1.123	0.9585175179333
1.124	0.9581972474226
1.125	0.9578772359952
1.126	0.9575574833143
1.127	0.9572379890438
1.128	0.9569187528479
1.129	0.9565997743917
1.130	0.9562810533408
1.131	0.9559625893613
1.132	0.9556443821200
1.133	0.9553264312843
1.134	0.9550087365221
1.135	0.9546912975020
1.136	0.9543741138932
1.137	0.9540571853653
1.138	0.9537405115887
1.139	0.9534240922343
1.140	0.9531079269736
1.141	0.9527920154787
1.142	0.9524763574223
1.143	0.9521609524775
1.144	0.9518458003183
1.145	0.9515309006191
1.146	0.9512162530548
1.147	0.9509018573009
1.148	0.9505877130337
1.149	0.9502738199298
1.150	0.9499601776666
1.151	0.9496467859218
1.152	0.9493336443739
1.153	0.9490207527020
1.154	0.9488323149827
1.155	0.9483957177046
1.156	0.9482087863253
1.157	0.9477716783729
1.158	0.9475862405939
1.159	0.9471486321593
1.160	0.9469646753644
1.161	0.9465265765250
1.162	0.9463440882207
1.163	0.9459055089403
1.164	0.9457244767540
1.165	0.9452854268843
1.166	0.9451058385631
1.167	0.9446663278450
1.168	0.9444881712543
1.169	0.9440482093193
1.170	0.9438714724415
1.171	0.9434310688128
1.172	0.9432557397461
1.173	0.9428149038397
1.174	0.9426409707967
1.175	0.9421997119232
1.176	0.9420271632298
1.177	0.9415854905949
1.178	0.9414143146888
1.179	0.9409722373953
1.180	0.9408024228249
1.181	0.9403599498731
1.182	0.9401914852964
1.183	0.9397486255860
1.184	0.9395814997692
1.185	0.9391382620999
1.186	0.9389724639162
1.187	0.9385288569893
1.188	0.9383643754180
1.189	0.9379204078370
1.190	0.9377572319620
1.191	0.9373129122344
1.192	0.9371510312434
1.193	0.9367063677811
1.194	0.9365457709641
1.195	0.9361007720851
1.196	0.9359414488336
1.197	0.9354961227627
1.198	0.9353380625684
1.199	0.9348924174385
1.200	0.9347356098922
1.201	0.9342896537451
1.202	0.9341340885358
1.203	0.9336878293235
1.204	0.9335334962373
1.205	0.9330869418227
1.206	0.9329338307417
1.207	0.9324869889000
1.208	0.9323350898010
1.209	0.9318879682206
1.210	0.9317372711746
1.211	0.9312898774577
1.212	0.9311403726285
1.213	0.9306927142927
1.214	0.9305443919360
1.215	0.9300964764147
1.216	0.9299493268774
1.217	0.9295011615210
1.218	0.9293551752396
1.219	0.9289067673167
1.220	0.9287619348169
1.221	0.9283132915147
1.222	0.9281696034102
1.223	0.9277207318358
1.224	0.9275781788274
1.225	0.9271290860084
1.226	0.9269876588832
1.227	0.9265383517691
1.228	0.9263980413993
1.229	0.9259485268617
1.230	0.9258093242040
1.231	0.9253596090381
1.232	0.9252215051326
1.233	0.9247715960576
1.234	0.9244779281855
1.235	0.9241844856874
1.236	0.9238912682853
1.237	0.9235982757019
1.238	0.9233055076601
1.239	0.9230129638834
1.240	0.9227206440958
1.241	0.9224285480217
1.242	0.9221366753859
1.243	0.9218450259138
1.244	0.9215535993313
1.245	0.9212623953645
1.246	0.9209714137403
1.247	0.9206806541859
1.248	0.9203901164289
1.249	0.9200998001975
1.250	0.9198097052202
1.251	0.9195198312261
1.252	0.9192301779447
1.253	0.9189407451060
1.254	0.9186515324403
1.255	0.9183625396786
1.256	0.9180737665521
1.257	0.9177852127927
1.258	0.9174968781326
1.259	0.9172087623044
1.260	0.9169208650413
1.261	0.9166331860769
1.262	0.9163457251451
1.263	0.9160584819805
1.264	0.9157714563180
1.265	0.9154846478929
1.266	0.9151980564410
1.267	0.9149116816987
1.268	0.9146255234025
1.269	0.9143395812896
1.270	0.9140538550977
1.271	0.9137683445646
1.272	0.9134830494289
1.273	0.9131979694294
1.274	0.9129131043055
1.275	0.9126284537969
1.276	0.9123440176438
1.277	0.9120597955869
1.278	0.9117757873671
1.279	0.9114919927261
1.280	0.9112084114057
1.281	0.9110946425423
1.282	0.9106418876966
1.283	0.9105290147634
1.284	0.9100762141837
1.285	0.9099642301412
1.286	0.9095113888180
1.287	0.9094002866891
1.288	0.9089474095569
1.289	0.9088371824269
1.290	0.9083842743649
1.291	0.9082749153803
1.292	0.9078219812132
1.293	0.9077134835811
1.294	0.9072605280795
1.295	0.9071528850673
1.296	0.9066999129485
1.297	0.9065931178831
1.298	0.9061401338113
1.299	0.9060341800784
1.300	0.9055811886658
1.301	0.9054760697096
1.302	0.9050230755164
1.303	0.9049187848388
1.304	0.9044657923743
1.305	0.9043623235342
1.306	0.9039093372569
1.307	0.9038066838700
1.308	0.9033537081884
1.309	0.9032518639263
1.310	0.9027989031995
1.311	0.9026978617892
1.312	0.9022449203272
1.313	0.9021446755506
1.314	0.9016917576150
1.315	0.9015923033085
1.316	0.9011394131129
1.317	0.9010407431666
1.318	0.9005878848772
1.319	0.9004899932345
1.320	0.9000371709707
1.321	0.8999400516277
1.322	0.8994872694623
1.323	0.8993909164673
1.324	0.8989381784274
1.325	0.8988425858805
1.326	0.8983898959478
1.327	0.8982950580001
1.328	0.8978424201111
1.329	0.8977483309645
1.330	0.8972957490116
1.331	0.8972024029182
1.332	0.8967498807497
1.333	0.8966572720112
1.334	0.8962048134317
1.335	0.8961129363991
1.336	0.8956605451704
1.337	0.8955693942433
1.338	0.8951170740846
1.339	0.8950266437108
1.340	0.8945743982992
1.341	0.8944846829743
1.342	0.8940325159451
1.343	0.8937618717225
1.344	0.8934914251595
1.345	0.8932211760243
1.346	0.8929511240853
1.347	0.8926812691113
1.348	0.8924116108716
1.349	0.8921421491356
1.350	0.8918728836735
1.351	0.8916038142553
1.352	0.8913349406519
1.353	0.8910662626343
1.354	0.8907977799739
1.355	0.8905294924424
1.356	0.8902613998122
1.357	0.8899935018556
1.358	0.8897257983455
1.359	0.8894582890553
1.360	0.8891909737585
1.361	0.8889238522292
1.362	0.8886569242416
1.363	0.8883901895705
1.364	0.8881236479909
1.365	0.8878572992783
1.366	0.8875911432085
1.367	0.8873251795576
1.368	0.8870594081021
1.369	0.8867938286190
1.370	0.8865284408853
1.371	0.8862632446788
1.372	0.8859982397773
1.373	0.8857334259592
1.374	0.8854688030030
1.375	0.8852043706878
1.376	0.8849401287930
1.377	0.8846760770982
1.378	0.8844122153835
1.379	0.8841485434293
1.380	0.8838850610163
1.381	0.8836217679258
1.382	0.8833586639390
1.383	0.8830957488379
1.384	0.8828330224045
1.385	0.8825704844215
1.386	0.8823081346715
1.387	0.8820459729379
1.388	0.8817839990041
1.389	0.8815222126540
1.390	0.8812606136719
1.391	0.8809992018422
1.392	0.8807379769499
1.393	0.8804769387803
1.394	0.8802160871189
1.395	0.8799554217517
1.396	0.8796949424648
1.397	0.8794346490450
1.398	0.8791745412791
1.399	0.8789146189545
1.400	0.8786548818586
1.401	0.8783953297796
1.402	0.8781359625056
1.403	0.8778767798253
1.404	0.8776177815277
1.405	0.8773589674019
1.406	0.8771003372376
1.407	0.8768418908249
1.408	0.8767732480612
1.409	0.8763255484151
1.410	0.8762574568498
1.411	0.8758099384989
1.412	0.8757423940541
1.413	0.8752950594075
1.414	0.8752280580392
1.415	0.8747809094777
1.416	0.8747144471751
1.417	0.8742674870513
1.418	0.8742015598365
1.419	0.8737547904754
1.420	0.8736893944032
1.421	0.8732428181023
1.422	0.8731779492598
1.423	0.8727315682894
1.424	0.8726672227958
1.425	0.8722210393992
1.426	0.8721572134055
1.427	0.8717112297994
1.428	0.8716479194880
1.429	0.8712021378628
1.430	0.8711393394472
1.431	0.8706937619671
1.432	0.8706314716919
1.433	0.8701861004954
1.434	0.8701243146355
1.435	0.8696791518354
1.436	0.8696178666962
1.437	0.8691729143802
1.438	0.8691121262971
1.439	0.8686673865276
1.440	0.8686070918658
1.441	0.8681625666807
1.442	0.8681027618346
1.443	0.8676584532471
1.444	0.8675991346408
1.445	0.8671550446398
1.446	0.8670962087259
1.447	0.8666523392765
1.448	0.8665939825364
1.449	0.8661503355798
1.450	0.8660924545233
1.451	0.8656490319770
1.452	0.8655916231422
1.453	0.8651484269007
1.454	0.8650914868535
1.455	0.8646485187880
1.456	0.8645920441218
1.457	0.8641493060809
1.458	0.8640932934166
1.459	0.8636507872262
1.460	0.8635952332119
1.461	0.8631529606755
1.462	0.8630978619860
1.463	0.8626558248851
1.464	0.8626011782221
1.465	0.8621593783162
1.466	0.8621051804076
1.467	0.8616636194345
1.468	0.8614159973983
1.469	0.8611685467107
1.470	0.8609212671812
1.471	0.8606741586198
1.472	0.8604272208366
1.473	0.8601804536419
1.474	0.8599338568466
1.475	0.8596874302615
1.476	0.8594411736980
1.477	0.8591950869677
1.478	0.8589491698825
1.479	0.8587034222544
1.480	0.8584578438960
1.481	0.8582124346199
1.482	0.8579671942392
1.483	0.8577221225673
1.484	0.8574772194175
1.485	0.8572324846040
1.486	0.8569879179407
1.487	0.8567435192421
1.488	0.8564992883230
1.489	0.8562552249984
1.490	0.8560113290834
1.491	0.8557676003938
1.492	0.8555240387453
1.493	0.8552806439540
1.494	0.8550374158364
1.495	0.8547943542092
1.496	0.8545514588892
1.497	0.8543087296938
1.498	0.8540661664404
1.499	0.8538237689468
1.500	0.8535815370312
1.501	0.8533394705118
1.502	0.8530975692072
1.503	0.8528558329364
1.504	0.8526142615184
1.505	0.8523728547729
1.506	0.8521316125193
1.507	0.8518905345779
1.508	0.8516496207687
1.509	0.8514088709123
1.510	0.8511682848295
1.511	0.8509278623414
1.512	0.8506876032693
1.513	0.8504475074349
1.514	0.8502075746599
1.515	0.8499678047665
1.516	0.8497281975772
1.517	0.8494887529146
1.518	0.8492494706017
1.519	0.8490103504616
1.520	0.8487713923179
1.521	0.8485325959942
1.522	0.8482939613146
1.523	0.8480554881034
1.524	0.8478171761851
1.525	0.8475790253844
1.526	0.8473410355265
1.527	0.8471032064366
1.528	0.8468655379403
1.529	0.8466280298635
1.530	0.8463906820323
1.531	0.8461534942730
1.532	0.8459164664123
1.533	0.8456795982770
1.534	0.8454428896943
1.535	0.8452063404915
1.536	0.8449699504964
1.537	0.8449297598756
1.538	0.8444976474409
1.539	0.8444578022870
1.540	0.8440259791542
1.541	0.8439864770318
1.542	0.8435549442668
1.543	0.8435157827592
1.544	0.8430845414130
1.545	0.8430457181223
1.546	0.8426147692317
1.547	0.8425762817780
1.548	0.8421456263653
1.549	0.8421074723874
1.550	0.8416771114605
1.551	0.8416392886151
1.552	0.8412092231680
1.553	0.8411717291297
1.554	0.8407419601425
1.555	0.8407047926037
1.556	0.8402753210426
1.557	0.8402384777133
1.558	0.8398093045310
1.559	0.8397727831387
1.560	0.8393439092742
1.561	0.8391114442008
1.562	0.8388791339428
1.563	0.8386469783346
1.564	0.8384149772110
1.565	0.8381831304069
1.566	0.8379514377574
1.567	0.8377198990980
1.568	0.8374885142642
1.569	0.8372572830919
1.570	0.8370262054173
1.571	0.8367952810768
1.572	0.8365645099069
1.573	0.8363338917445
1.574	0.8361034264268
1.575	0.8358731137909
1.576	0.8356429536745
1.577	0.8354129459154
1.578	0.8351830903517
1.579	0.8349533868215
1.580	0.8347238351635
1.581	0.8344944352164
1.582	0.8342651868191
1.583	0.8340360898110
1.584	0.8338071440314
1.585	0.8335783493200
1.586	0.8333497055169
1.587	0.8331212124620
1.588	0.8328928699960
1.589	0.8326646779593
1.590	0.8324366361928
1.591	0.8322087445377
1.592	0.8319810028353
1.593	0.8317534109270
1.594	0.8315259686548
1.595	0.8312986758606
1.596	0.8310715323867
1.597	0.8308445380755
1.598	0.8306176927699
1.599	0.8303909963126
1.600	0.8301644485469
1.601	0.8299380493161
1.602	0.8297117984640
1.603	0.8294856958343
1.604	0.8292597412711
1.605	0.8290339346187
1.606	0.8288082757216
1.607	0.8285827644247
1.608	0.8283574005728
1.609	0.8281321840112
1.610	0.8279071145853
1.611	0.8276821921407
1.612	0.8274574165234
1.613	0.8272327875794
1.614	0.8270083051550
1.615	0.8267839690968
1.616	0.8265597792516
1.617	0.8263357354663
1.618	0.8261118375881
1.619	0.8258880854645
1.620	0.8256644789431
1.621	0.8254410178717
1.622	0.8252177020985
1.623	0.8249945314718
1.624	0.8247715058401
1.625	0.8245486250520
1.626	0.8243258889567
1.627	0.8241032974032
1.628	0.8238808502409
1.629	0.8236585473196
1.630	0.8234363884888
1.631	0.8232143735988
1.632	0.8229925024998
1.633	0.8227707750422
1.634	0.8225491910768
1.635	0.8223277504544
1.636	0.8221064530261
1.637	0.8218852986433
1.638	0.8216642871575
1.639	0.8214434184204
1.640	0.8212226922841
1.641	0.8210021086007
1.642	0.8207816672225
1.643	0.8205613680022
1.644	0.8203412107926
1.645	0.8201211954468
1.646	0.8199013218178
1.647	0.8196815897593
1.648	0.8194619991247
1.649	0.8192425497680
1.650	0.8190232415433
1.651	0.8188040743048
1.652	0.8185850479070
1.653	0.8183661622045
1.654	0.8181474170523
1.655	0.8179288123055
1.656	0.8177103478194
1.657	0.8174920234494
1.658	0.8172738390514
1.659	0.8170557944812
1.660	0.8168378895950
1.661	0.8166201242490
1.662	0.8164024982999
1.663	0.8161850116043
1.664	0.8159676640192
1.665	0.8157504554017
1.666	0.8157282639576
1.667	0.8153164544994
1.668	0.8152944837842
1.669	0.8148830077584
1.670	0.8148612562699
1.671	0.8144501140431
1.672	0.8144285802900
1.673	0.8140177722213
1.674	0.8139964547230
1.675	0.8135859811636
1.676	0.8135648784504
1.677	0.8131547397442
1.678	0.8131338503568
1.679	0.8127240468402
1.680	0.8127033693298
1.681	0.8122939013319
1.682	0.8122734342604
1.683	0.8118643021028
1.684	0.8118440440423
1.685	0.8114352480396
1.686	0.8112209250981
1.687	0.8110067380320
1.688	0.8107926867030
1.689	0.8105787709729
1.690	0.8103649907039
1.691	0.8101513457583
1.692	0.8099378359985
1.693	0.8097244612873
1.694	0.8095112214874
1.695	0.8092981164620
1.696	0.8090851460743
1.697	0.8088723101877
1.698	0.8086596086659
1.699	0.8084470413727
1.700	0.8082346081722
1.701	0.8080223089284
1.702	0.8078101435058
1.703	0.8075981117691
1.704	0.8073862135829
1.705	0.8071744488122
1.706	0.8069628173222
1.707	0.8067513189783
1.708	0.8065399536459
1.709	0.8063287211907
1.710	0.8061176214787
1.711	0.8059066543759
1.712	0.8056958197487
1.713	0.8054851174634
1.714	0.8052745473868
1.715	0.8050641093856
1.716	0.8048538033268
1.717	0.8046436290778
1.718	0.8044335865057
1.719	0.8042236754783
1.720	0.8040138958633
1.721	0.8038042475286
1.722	0.8035947303423
1.723	0.8033853441727
1.724	0.8031760888883
1.725	0.8029669643579
1.726	0.8027579704501
1.727	0.8025491070341
1.728	0.8023403739790
1.729	0.8021317711543
1.730	0.8019232984295
1.731	0.8017149556745
1.732	0.8015067427590
1.733	0.8012986595532
1.734	0.8010907059274
1.735	0.8008828817522
1.736	0.8006751868980
1.737	0.8004676212358
1.738	0.8002601846366
1.739	0.8000528769715
1.740	0.7998456981119
1.741	0.7996386479294
1.742	0.7994317262956
1.743	0.7992249330824
1.744	0.7990182681620
1.745	0.7988117314065
1.746	0.7986053226884
1.747	0.7983990418802
1.748	0.7981928888547
1.749	0.7979868634850
1.750	0.7977809656440
1.751	0.7975751952051
1.752	0.7973695520417
1.753	0.7971640360275
1.754	0.7969586470362
1.755	0.7967533849420
1.756	0.7965482496189
1.757	0.7963432409412
1.758	0.7961383587835
1.759	0.7959336030204
1.760	0.7957289735267
1.761	0.7955244701776
1.762	0.7953200928481
1.763	0.7951158414136
1.764	0.7949117157497
1.765	0.7947077157320
1.766	0.7945038412364
1.767	0.7943000921389
1.768	0.7940964683158
1.769	0.7938929696433
1.770	0.7936895959981
1.771	0.7934863472569
1.772	0.7932832232965
1.773	0.7930802239940
1.774	0.7928773492265
1.775	0.7926745988715
1.776	0.7924719728065
1.777	0.7922694709092
1.778	0.7920670930574
1.779	0.7918648391293
1.780	0.7916627090030
1.781	0.7914607025569
1.782	0.7912588196696
1.783	0.7910570602197
1.784	0.7908554240860
1.785	0.7906539111477
1.786	0.7904525212839
1.787	0.7902512543740
1.788	0.7900501102975
1.789	0.7898490889341
1.790	0.7896481901636
1.791	0.7894474138660
1.792	0.7892467599215
1.793	0.7892359974885
1.794	0.7888458186133
1.795	0.7888351999613
1.796	0.7884453652835
1.797	0.7884348894545
1.798	0.7880453989794
1.799	0.7880350650219
1.800	0.7876459187505
1.801	0.7876357257196
1.802	0.7872469236493
1.803	0.7872368706064
1.804	0.7868484127305
1.805	0.7868384987437
1.806	0.7864503850515
1.807	0.7864406091951
1.808	0.7860528396722
1.809	0.7860432010269
1.810	0.7856557756550
1.811	0.7854574238649
1.812	0.7852591920649
1.813	0.7850610801384
1.814	0.7848630879692
1.815	0.7846652154411
1.816	0.7844674624380
1.817	0.7842698288441
1.818	0.7840723145436
1.819	0.7838749194210
1.820	0.7836776433610
1.821	0.7834804862481
1.822	0.7832834479674
1.823	0.7830865284039
1.824	0.7828897274428
1.825	0.7826930449695
1.826	0.7824964808695
1.827	0.7823000350284
1.828	0.7821037073321
1.829	0.7819074976666
1.830	0.7817114059179
1.831	0.7815154319723
1.832	0.7813195757164
1.833	0.7811238370366
1.834	0.7809282158197
1.835	0.7807327119525
1.836	0.7805373253222
1.837	0.7803420558158
1.838	0.7801469033207
1.839	0.7799518677244
1.840	0.7797569489145
1.841	0.7795621467788
1.842	0.7793674612052
1.843	0.7791728920818
1.844	0.7789784392968
1.845	0.7787841027386
1.846	0.7785898822957
1.847	0.7783957778568
1.848	0.7782017893107
1.849	0.7780079165463
1.850	0.7778141594527
1.851	0.7776205179193
1.852	0.7774269918354
1.853	0.7772335810905
1.854	0.7770402855744
1.855	0.7768471051768
1.856	0.7766540397878
1.857	0.7764610892975
1.858	0.7762682535962
1.859	0.7760755325743
1.860	0.7758829261223
1.861	0.7756904341310
1.862	0.7754980564911
1.863	0.7753057930938
1.864	0.7751136438301
1.865	0.7749216085913
1.866	0.7747296872689
1.867	0.7745378797543
1.868	0.7743461859394
1.869	0.7741546057159
1.870	0.7739631389758
1.871	0.7737717856114
1.872	0.7735805455148
1.873	0.7733894185784
1.874	0.7731984046949
1.875	0.7730075037570
1.876	0.7728167156574
1.877	0.7726260402891
1.878	0.7724354775453
1.879	0.7722450273192
1.880	0.7720546895043
1.881	0.7718644639940
1.882	0.7716743506821
1.883	0.7714843494622
1.884	0.7712944602285
1.885	0.7711046828750
1.886	0.7709150172960
1.887	0.7707254633857
1.888	0.7705360210387
1.889	0.7703466901496
1.890	0.7701574706133
1.891	0.7699683623247
1.892	0.7697793651787
1.893	0.7695904790706
1.894	0.7694017038957
1.895	0.7692130395496
1.896	0.7690244859277
1.897	0.7688360429258
1.898	0.7686477104398
1.899	0.7684594883657
1.900	0.7682713765996
1.901	0.7680833750379
1.902	0.7678954835768
1.903	0.7677077021131
1.904	0.7675200305432
1.905	0.7673324687642
1.906	0.7671450166728
1.907	0.7669576741662
1.908	0.7667704411417
1.909	0.7665833174964
1.910	0.7663963031280
1.911	0.7662093979340
1.912	0.7660226018122
1.913	0.7658359146605
1.914	0.7656493363768
1.915	0.7654628668593
1.916	0.7652765060063
1.917	0.7650902537162
1.918	0.7649041098874
1.919	0.7647180744188
1.920	0.7647147809379
1.921	0.7643463281570
1.922	0.7643431288895
1.923	0.7639750141227
1.924	0.7639719084445
1.925	0.7636041315100
1.926	0.7636011188010
1.927	0.7632336795149
1.928	0.7632307591593
1.929	0.7628636573355
1.930	0.7628608287214
1.931	0.7624940641720
1.932	0.7624913266916
1.933	0.7621248992267
1.934	0.7621222522762
1.935	0.7617561617040
1.936	0.7615719529779
1.937	0.7613878508100
1.938	0.7612038551014
1.939	0.7610199657533
1.940	0.7608361826670
1.941	0.7606525057441
1.942	0.7604689348862
1.943	0.7602854699950
1.944	0.7601021109724
1.945	0.7599188577203
1.946	0.7597357101409
1.947	0.7595526681365
1.948	0.7593697316093
1.949	0.7591869004619
1.950	0.7590041745970
1.951	0.7588215539171
1.952	0.7586390383253
1.953	0.7584566277245
1.954	0.7582743220178
1.955	0.7580921211084
1.956	0.7579100248997
1.957	0.7577280332952
1.958	0.7575461461984
1.959	0.7573643635132
1.960	0.7571826851433
1.961	0.7570011109927
1.962	0.7568196409656
1.963	0.7566382749661
1.964	0.7564570128985
1.965	0.7562758546674
1.966	0.7560948001772
1.967	0.7559138493328
1.968	0.7557330020389
1.969	0.7555522582004
1.970	0.7553716177225
1.971	0.7551910805102
1.972	0.7550106464690
1.973	0.7548303155042
1.974	0.7546500875213
1.975	0.7544699624261
1.976	0.7542899401242
1.977	0.7541100205217
1.978	0.7539302035245
1.979	0.7537504890387
1.980	0.7535708769707
1.981	0.7533913672267
1.982	0.7532119597133
1.983	0.7530326543370
1.984	0.7528534510047
1.985	0.7526743496231
1.986	0.7524953500992
1.987	0.7523164523402
1.988	0.7521376562530
1.989	0.7519589617452
1.990	0.7517803687241
1.991	0.7516018770973
1.992	0.7514234867724
1.993	0.7512451976572
1.994	0.7510670096596
1.995	0.7508889226876
1.996	0.7507109366493
1.997	0.7505330514530
1.998	0.7503552670070
1.999	0.7501775832198
2.000	0.7500000000000
