0.000	1.6449340668472
0.001	1.6437330912314
0.002	1.6425342740547
0.003	1.6413376091320
0.004	1.6401430903024
0.005	1.6389507114290
0.006	1.6377604663990
0.007	1.6365723491232
0.008	1.6353863535362
0.009	1.6342024735962
0.010	1.6330207032848
0.011	1.6318410366072
0.012	1.6306634675915
0.013	1.6294879902891
0.014	1.6283145987745
0.015	1.6271432871448
0.016	1.6259740495203
0.017	1.6248068800437
0.018	1.6236417728802
0.019	1.6224787222179
0.020	1.6213177222667
0.021	1.6201587672591
0.022	1.6190018514496
0.023	1.6178469691147
0.024	1.6166941145531
0.025	1.6155432820848
0.026	1.6143944660520
0.027	1.6132476608182
0.028	1.6121028607686
0.029	1.6109600603096
0.030	1.6098192538691
0.031	1.6086804358960
0.032	1.6075436008605
0.033	1.6064087432535
0.034	1.6052758575871
0.035	1.6041449383940
0.036	1.6030159802276
0.037	1.6018889776620
0.038	1.6007639252916
0.039	1.5996408177314
0.040	1.5985196496166
0.041	1.5974004156026
0.042	1.5962831103650
0.043	1.5951677285991
0.044	1.5940542650206
0.045	1.5929427143646
0.046	1.5918330713861
0.047	1.5907253308598
0.048	1.5896194875797
0.049	1.5885155363596
0.050	1.5874134720323
0.051	1.5863132894501
0.052	1.5852149834845
0.053	1.5841185490258
0.054	1.5830239809835
0.055	1.5819312742861
0.056	1.5808404238808
0.057	1.5797514247334
0.058	1.5786642718286
0.059	1.5775789601694
0.060	1.5764954847775
0.061	1.5754138406929
0.062	1.5743340229738
0.063	1.5732560266966
0.064	1.5721798469561
0.065	1.5711054788647
0.066	1.5700329175533
0.067	1.5689621581701
0.068	1.5678931958815
0.069	1.5668260258715
0.070	1.5657606433417
0.071	1.5646970435111
0.072	1.5636352216165
0.073	1.5625751729119
0.074	1.5615168926684
0.075	1.5604603761748
0.076	1.5594056187365
0.077	1.5583526156764
0.078	1.5573013623342
0.079	1.5562518540665
0.080	1.5552040862469
0.081	1.5541580542654
0.082	1.5531137535291
0.083	1.5520711794613
0.084	1.5510303275023
0.085	1.5499911931083
0.086	1.5489537717524
0.087	1.5479180589236
0.088	1.5468840501273
0.089	1.5458517408851
0.090	1.5448211267347
0.091	1.5437922032295
0.092	1.5427649659393
0.093	1.5417394104494
0.094	1.5407155323611
0.095	1.5396933272912
0.096	1.5386727908724
0.097	1.5376539187529
0.098	1.5366367065963
0.099	1.5356211500817
0.100	1.5346072449037
0.101	1.5335949867720
0.102	1.5325843714116
0.103	1.5315753945627
0.104	1.5305680519805
0.105	1.5295623394355
0.106	1.5285582527128
0.107	1.5275557876126
0.108	1.5265549399498
0.109	1.5255557055543
0.110	1.5245580802704
0.111	1.5235620599573
0.112	1.5225676404885
0.113	1.5215748177522
0.114	1.5205835876509
0.115	1.5195939461017
0.116	1.5186058890356
0.117	1.5176194123984
0.118	1.5166345121495
0.119	1.5156511842628
0.120	1.5146694247262
0.121	1.5136892295414
0.122	1.5127105947244
0.123	1.5117335163046
0.124	1.5107579903256
0.125	1.5097840128446
0.126	1.5088115799325
0.127	1.5078406876737
0.128	1.5068713321665
0.129	1.5059035095224
0.130	1.5049372158664
0.131	1.5039724473371
0.132	1.5030092000861
0.133	1.5020474702786
0.134	1.5010872540928
0.135	1.5001285477202
0.136	1.4991713473654
0.137	1.4982156492458
0.138	1.4972614495920
0.139	1.4963087446477
0.140	1.4953575306691
0.141	1.4944078039255
0.142	1.4934595606988
0.143	1.4925127972837
0.144	1.4915675099876
0.145	1.4906236951304
0.146	1.4896813490446
0.147	1.4887404680751
0.148	1.4878010485794
0.149	1.4868630869273
0.150	1.4859265795009
0.151	1.4849915226946
0.152	1.4840579129151
0.153	1.4831257465811
0.154	1.4821950201237
0.155	1.4812657299857
0.156	1.4803378726223
0.157	1.4794114445004
0.158	1.4784864420989
0.159	1.4775628619087
0.160	1.4766407004322
0.161	1.4757199541838
0.162	1.4748006196896
0.163	1.4738826934874
0.164	1.4729661721264
0.165	1.4720510521675
0.166	1.4711373301833
0.167	1.4702250027576
0.168	1.4693140664856
0.169	1.4684045179742
0.170	1.4674963538412
0.171	1.4665895707161
0.172	1.4656841652392
0.173	1.4647801340623
0.174	1.4638774738482
0.175	1.4629761812708
0.176	1.4620762530151
0.177	1.4611776857770
0.178	1.4602804762635
0.179	1.4593846211922
0.180	1.4584901172919
0.181	1.4575969613020
0.182	1.4567051499728
0.183	1.4558146800651
0.184	1.4549255483507
0.185	1.4540377516118
0.186	1.4531512866413
0.187	1.4522661502424
0.188	1.4513823392292
0.189	1.4504998504259
0.190	1.4496186806673
0.191	1.4487388267985
0.192	1.4478602856751
0.193	1.4469830541626
0.194	1.4461071291372
0.195	1.4452325074849
0.196	1.4443591861022
0.197	1.4434871618954
0.198	1.4426164317810
0.199	1.4417469926857
0.200	1.4408788415460
0.201	1.4400119753083
0.202	1.4391463909291
0.203	1.4382820853746
0.204	1.4374190556210
0.205	1.4365572986540
0.206	1.4356968114694
0.207	1.4348375910724
0.208	1.4339796344781
0.209	1.4331229387111
0.210	1.4322675008057
0.211	1.4314133178055
0.212	1.4305603867639
0.213	1.4297087047437
0.214	1.4288582688169
0.215	1.4280090760653
0.216	1.4271611235796
0.217	1.4263144084603
0.218	1.4254689278168
0.219	1.4246246787679
0.220	1.4237816584416
0.221	1.4229398639751
0.222	1.4220992925146
0.223	1.4212599412156
0.224	1.4204218072424
0.225	1.4195848877686
0.226	1.4187491799766
0.227	1.4179146810578
0.228	1.4170813882126
0.229	1.4162492986500
0.230	1.4154184095882
0.231	1.4145887182539
0.232	1.4137602218829
0.233	1.4129329177194
0.234	1.4121068030166
0.235	1.4112818750361
0.236	1.4104581310482
0.237	1.4096355683320
0.238	1.4088141841750
0.239	1.4079939758731
0.240	1.4071749407310
0.241	1.4063570760616
0.242	1.4055403791863
0.243	1.4047248474351
0.244	1.4039104781460
0.245	1.4030972686655
0.246	1.4022852163486
0.247	1.4014743185582
0.248	1.4006645726657
0.249	1.3998559760506
0.250	1.3990485261004
0.251	1.3982422202111
0.252	1.3974370557865
0.253	1.3966330302385
0.254	1.3958301409873
0.255	1.3950283854607
0.256	1.3942277610948
0.257	1.3934282653335
0.258	1.3926298956287
0.259	1.3918326494400
0.260	1.3910365242350
0.261	1.3902415174891
0.262	1.3894476266855
0.263	1.3886548493152
0.264	1.3878631828767
0.265	1.3870726248764
0.266	1.3862831728284
0.267	1.3854948242544
0.268	1.3847075766835
0.269	1.3839214276528
0.270	1.3831363747064
0.271	1.3823524153965
0.272	1.3815695472824
0.273	1.3807877679309
0.274	1.3800070749165
0.275	1.3792274658207
0.276	1.3784489382327
0.277	1.3776714897489
0.278	1.3768951179731
0.279	1.3761198205164
0.280	1.3753455949969
0.281	1.3745724390404
0.282	1.3738003502794
0.283	1.3730293263540
0.284	1.3722593649112
0.285	1.3714904636053
0.286	1.3707226200975
0.287	1.3699558320562
0.288	1.3691900971569
0.289	1.3684254130819
0.290	1.3676617775206
0.291	1.3668991881696
0.292	1.3661376427320
0.293	1.3653771389180
0.294	1.3646176744449
0.295	1.3638592470366
0.296	1.3631018544238
0.297	1.3623454943442
0.298	1.3615901645421
0.299	1.3608358627687
0.300	1.3600825867818
0.301	1.3593303343461
0.302	1.3585791032327
0.303	1.3578288912195
0.304	1.3570796960911
0.305	1.3563315156385
0.306	1.3555843476596
0.307	1.3548381899584
0.308	1.3540930403458
0.309	1.3533488966391
0.310	1.3526057566620
0.311	1.3518636182447
0.312	1.3511224792239
0.313	1.3503823374426
0.314	1.3496431907502
0.315	1.3489050370025
0.316	1.3481678740617
0.317	1.3474316997961
0.318	1.3466965120805
0.319	1.3459623087958
0.320	1.3452290878292
0.321	1.3444968470743
0.322	1.3437655844305
0.323	1.3430352978038
0.324	1.3423059851060
0.325	1.3415776442551
0.326	1.3408502731755
0.327	1.3401238697973
0.328	1.3393984320567
0.329	1.3386739578963
0.330	1.3379504452642
0.331	1.3372278921148
0.332	1.3365062964085
0.333	1.3357856561115
0.334	1.3350659691959
0.335	1.3343472336398
0.336	1.3336294474272
0.337	1.3329126085479
0.338	1.3321967149975
0.339	1.3314817647775
0.340	1.3307677558951
0.341	1.3300546863634
0.342	1.3293425542012
0.343	1.3286313574329
0.344	1.3279210940888
0.345	1.3272117622047
0.346	1.3265033598224
0.347	1.3257958849888
0.348	1.3250893357570
0.349	1.3243837101853
0.350	1.3236790063379
0.351	1.3229752222842
0.352	1.3222723560995
0.353	1.3215704058643
0.354	1.3208693696650
0.355	1.3201692455931
0.356	1.3194700317457
0.357	1.3187717262255
0.358	1.3180743271403
0.359	1.3173778326037
0.360	1.3166822407344
0.361	1.3159875496564
0.362	1.3152937574994
0.363	1.3146008623982
0.364	1.3139088624928
0.365	1.3132177559287
0.366	1.3125275408566
0.367	1.3118382154324
0.368	1.3111497778173
0.369	1.3104622261777
0.370	1.3097755586851
0.371	1.3090897735163
0.372	1.3084048688532
0.373	1.3077208428829
0.374	1.3070376937975
0.375	1.3063554197943
0.376	1.3056740190757
0.377	1.3049934898491
0.378	1.3043138303269
0.379	1.3036350387266
0.380	1.3029571132709
0.381	1.3022800521871
0.382	1.3016038537077
0.383	1.3009285160703
0.384	1.3002540375171
0.385	1.2995804162955
0.386	1.2989076506577
0.387	1.2982357388607
0.388	1.2975646791666
0.389	1.2968944698422
0.390	1.2962251091591
0.391	1.2955565953938
0.392	1.2948889268277
0.393	1.2942221017466
0.394	1.2935561184416
0.395	1.2928909752081
0.396	1.2922266703466
0.397	1.2915632021619
0.398	1.2909005689640
0.399	1.2902387690672
0.400	1.2895778007906
0.401	1.2889176624579
0.402	1.2882583523976
0.403	1.2875998689426
0.404	1.2869422104306
0.405	1.2862853752037
0.406	1.2856293616087
0.407	1.2849741679970
0.408	1.2843197927244
0.409	1.2836662341513
0.410	1.2830134906425
0.411	1.2823615605676
0.412	1.2817104423002
0.413	1.2810601342189
0.414	1.2804106347062
0.415	1.2797619421495
0.416	1.2791140549403
0.417	1.2784669714747
0.418	1.2778206901530
0.419	1.2771752093801
0.420	1.2765305275650
0.421	1.2758866431213
0.422	1.2752435544666
0.423	1.2746012600231
0.424	1.2739597582172
0.425	1.2733190474795
0.426	1.2726791262450
0.427	1.2720399929529
0.428	1.2714016460465
0.429	1.2707640839735
0.430	1.2701273051858
0.431	1.2694913081394
0.432	1.2688560912944
0.433	1.2682216531154
0.434	1.2675879920707
0.435	1.2669551066331
0.436	1.2663229952793
0.437	1.2656916564902
0.438	1.2650610887508
0.439	1.2644312905502
0.440	1.2638022603814
0.441	1.2631739967416
0.442	1.2625464981322
0.443	1.2619197630581
0.444	1.2612937900288
0.445	1.2606685775574
0.446	1.2600441241612
0.447	1.2594204283613
0.448	1.2587974886830
0.449	1.2581753036551
0.450	1.2575538718109
0.451	1.2569331916871
0.452	1.2563132618247
0.453	1.2556940807683
0.454	1.2550756470665
0.455	1.2544579592719
0.456	1.2538410159406
0.457	1.2532248156328
0.458	1.2526093569125
0.459	1.2519946383475
0.460	1.2513806585093
0.461	1.2507674159732
0.462	1.2501549093185
0.463	1.2495431371280
0.464	1.2489320979882
0.465	1.2483217904897
0.466	1.2477122132265
0.467	1.2471033647963
0.468	1.2464952438007
0.469	1.2458878488449
0.470	1.2452811785377
0.471	1.2446752314916
0.472	1.2440700063228
0.473	1.2434655016510
0.474	1.2428617160998
0.475	1.2422586482961
0.476	1.2416562968705
0.477	1.2410546604574
0.478	1.2404537376944
0.479	1.2398535272229
0.480	1.2392540276879
0.481	1.2386552377378
0.482	1.2380571560245
0.483	1.2374597812036
0.484	1.2368631119341
0.485	1.2362671468785
0.486	1.2356718847026
0.487	1.2350773240761
0.488	1.2344834636717
0.489	1.2338903021659
0.490	1.2332978382384
0.491	1.2327060705725
0.492	1.2321149978547
0.493	1.2315246187752
0.494	1.2309349320272
0.495	1.2303459363077
0.496	1.2297576303168
0.497	1.2291700127580
0.498	1.2285830823382
0.499	1.2279968377677
0.500	1.2274112777598
0.501	1.2268264010316
0.502	1.2262422063032
0.503	1.2256586922979
0.504	1.2250758577426
0.505	1.2244937013673
0.506	1.2239122219051
0.507	1.2233314180926
0.508	1.2227512886696
0.509	1.2221718323791
0.510	1.2215930479672
0.511	1.2210149341833
0.512	1.2204374897801
0.513	1.2198607135133
0.514	1.2192846041419
0.515	1.2187091604281
0.516	1.2181343811371
0.517	1.2175602650374
0.518	1.2169868109005
0.519	1.2164140175011
0.520	1.2158418836171
0.521	1.2152704080294
0.522	1.2146995895219
0.523	1.2141294268819
0.524	1.2135599188993
0.525	1.2129910643676
0.526	1.2124228620830
0.527	1.2118553108449
0.528	1.2112884094555
0.529	1.2107221567204
0.530	1.2101565514480
0.531	1.2095915924496
0.532	1.2090272785398
0.533	1.2084636085358
0.534	1.2079005812582
0.535	1.2073381955303
0.536	1.2067764501785
0.537	1.2062153440319
0.538	1.2056548759228
0.539	1.2050950446863
0.540	1.2045358491606
0.541	1.2039772881866
0.542	1.2034193606081
0.543	1.2028620652720
0.544	1.2023054010279
0.545	1.2017493667284
0.546	1.2011939612288
0.547	1.2006391833875
0.548	1.2000850320655
0.549	1.1995315061268
0.550	1.1989786044382
0.551	1.1984263258692
0.552	1.1978746692923
0.553	1.1973236335828
0.554	1.1967732176185
0.555	1.1962234202804
0.556	1.1956742404520
0.557	1.1951256770196
0.558	1.1945777288724
0.559	1.1940303949022
0.560	1.1934836740036
0.561	1.1929375650739
0.562	1.1923920670132
0.563	1.1918471787244
0.564	1.1913028991128
0.565	1.1907592270866
0.566	1.1902161615568
0.567	1.1896737014368
0.568	1.1891318456430
0.569	1.1885905930942
0.570	1.1880499427119
0.571	1.1875098934205
0.572	1.1869704441467
0.573	1.1864315938200
0.574	1.1858933413725
0.575	1.1853556857389
0.576	1.1848186258567
0.577	1.1842821606656
0.578	1.1837462891083
0.579	1.1832110101298
0.580	1.1826763226778
0.581	1.1821422257027
0.582	1.1816087181571
0.583	1.1810757989965
0.584	1.1805434671788
0.585	1.1800117216644
0.586	1.1794805614163
0.587	1.1789499854000
0.588	1.1784199925835
0.589	1.1778905819373
0.590	1.1773617524345
0.591	1.1768335030506
0.592	1.1763058327635
0.593	1.1757787405537
0.594	1.1752522254041
0.595	1.1747262863002
0.596	1.1742009222297
0.597	1.1736761321830
0.598	1.1731519151527
0.599	1.1726282701341
0.600	1.1721051961247
0.601	1.1715826921245
0.602	1.1710607571359
0.603	1.1705393901637
0.604	1.1700185902151
0.605	1.1694983562996
0.606	1.1689786874293
0.607	1.1684595826184
0.608	1.1679410408836
0.609	1.1674230612440
0.610	1.1669056427210
0.611	1.1663887843383
0.612	1.1658724851220
0.613	1.1653567441004
0.614	1.1648415603044
0.615	1.1643269327669
0.616	1.1638128605232
0.617	1.1632993426111
0.618	1.1627863780705
0.619	1.1622739659435
0.620	1.1617621052748
0.621	1.1612507951109
0.622	1.1607400345011
0.623	1.1602298224965
0.624	1.1597201581508
0.625	1.1592110405197
0.626	1.1587024686612
0.627	1.1581944416357
0.628	1.1576869585056
0.629	1.1571800183356
0.630	1.1566736201926
0.631	1.1561677631458
0.632	1.1556624462664
0.633	1.1551576686280
0.634	1.1546534293063
0.635	1.1541497273791
0.636	1.1536465619265
0.637	1.1531439320308
0.638	1.1526418367762
0.639	1.1521402752493
0.640	1.1516392465387
0.641	1.1511387497354
0.642	1.1506387839322
0.643	1.1501393482241
0.644	1.1496404417085
0.645	1.1491420634845
0.646	1.1486442126536
0.647	1.1481468883193
0.648	1.1476500895872
0.649	1.1471538155651
0.650	1.1466580653626
0.651	1.1461628380917
0.652	1.1456681328663
0.653	1.1451739488024
0.654	1.1446802850180
0.655	1.1441871406332
0.656	1.1436945147702
0.657	1.1432024065532
0.658	1.1427108151084
0.659	1.1422197395640
0.660	1.1417291790504
0.661	1.1412391326998
0.662	1.1407495996466
0.663	1.1402605790270
0.664	1.1397720699793
0.665	1.1392840716438
0.666	1.1387965831629
0.667	1.1383096036808
0.668	1.1378231323438
0.669	1.1373371683000
0.670	1.1368517106996
0.671	1.1363667586948
0.672	1.1358823114396
0.673	1.1353983680901
0.674	1.1349149278042
0.675	1.1344319897419
0.676	1.1339495530651
0.677	1.1334676169373
0.678	1.1329861805244
0.679	1.1325052429940
0.680	1.1320248035155
0.681	1.1315448612603
0.682	1.1310654154017
0.683	1.1305864651150
0.684	1.1301080095772
0.685	1.1296300479672
0.686	1.1291525794659
0.687	1.1286756032559
0.688	1.1281991185219
0.689	1.1277231244502
0.690	1.1272476202292
0.691	1.1267726050489
0.692	1.1262980781012
0.693	1.1258240385801
0.694	1.1253504856810
0.695	1.1248774186016
0.696	1.1244048365409
0.697	1.1239327387002
0.698	1.1234611242823
0.699	1.1229899924919
0.700	1.1225193425356
0.701	1.1220491736215
0.702	1.1215794849599
0.703	1.1211102757626
0.704	1.1206415452432
0.705	1.1201732926171
0.706	1.1197055171017
0.707	1.1192382179157
0.708	1.1187713942799
0.709	1.1183050454169
0.710	1.1178391705507
0.711	1.1173737689074
0.712	1.1169088397148
0.713	1.1164443822021
0.714	1.1159803956006
0.715	1.1155168791432
0.716	1.1150538320644
0.717	1.1145912536007
0.718	1.1141291429900
0.719	1.1136674994720
0.720	1.1132063222883
0.721	1.1127456106819
0.722	1.1122853638976
0.723	1.1118255811820
0.724	1.1113662617833
0.725	1.1109074049512
0.726	1.1104490099374
0.727	1.1099910759951
0.728	1.1095336023790
0.729	1.1090765883458
0.730	1.1086200331535
0.731	1.1081639360621
0.732	1.1077082963329
0.733	1.1072531132291
0.734	1.1067983860154
0.735	1.1063441139581
0.736	1.1058902963253
0.737	1.1054369323865
0.738	1.1049840214130
0.739	1.1045315626776
0.740	1.1040795554547
0.741	1.1036279990204
0.742	1.1031768926523
0.743	1.1027262356297
0.744	1.1022760272333
0.745	1.1018262667456
0.746	1.1013769534505
0.747	1.1009280866335
0.748	1.1004796655819
0.749	1.1000316895844
0.750	1.0995841579310
0.751	1.0991370699138
0.752	1.0986904248260
0.753	1.0982442219625
0.754	1.0977984606199
0.755	1.0973531400960
0.756	1.0969082596906
0.757	1.0964638187045
0.758	1.0960198164404
0.759	1.0955762522024
0.760	1.0951331252962
0.761	1.0946904350289
0.762	1.0942481807091
0.763	1.0938063616471
0.764	1.0933649771545
0.765	1.0929240265444
0.766	1.0924835091315
0.767	1.0920434242321
0.768	1.0916037711636
0.769	1.0911645492453
0.770	1.0907257577976
0.771	1.0902873961428
0.772	1.0898494636043
0.773	1.0894119595071
0.774	1.0889748831777
0.775	1.0885382339441
0.776	1.0881020111355
0.777	1.0876662140828
0.778	1.0872308421183
0.779	1.0867958945757
0.780	1.0863613707901
0.781	1.0859272700982
0.782	1.0854935918379
0.783	1.0850603353486
0.784	1.0846274999712
0.785	1.0841950850481
0.786	1.0837630899228
0.787	1.0833315139405
0.788	1.0829003564477
0.789	1.0824696167923
0.790	1.0820392943235
0.791	1.0816093883922
0.792	1.0811798983504
0.793	1.0807508235515
0.794	1.0803221633505
0.795	1.0798939171035
0.796	1.0794660841682
0.797	1.0790386639036
0.798	1.0786116556700
0.799	1.0781850588291
0.800	1.0777588727441
0.801	1.0773330967794
0.802	1.0769077303007
0.803	1.0764827726753
0.804	1.0760582232715
0.805	1.0756340814593
0.806	1.0752103466098
0.807	1.0747870180955
0.808	1.0743640952903
0.809	1.0739415775692
0.810	1.0735194643089
0.811	1.0730977548871
0.812	1.0726764486830
0.813	1.0722555450769
0.814	1.0718350434507
0.815	1.0714149431874
0.816	1.0709952436713
0.817	1.0705759442882
0.818	1.0701570444250
0.819	1.0697385434700
0.820	1.0693204408126
0.821	1.0689027358438
0.822	1.0684854279555
0.823	1.0680685165414
0.824	1.0676520009959
0.825	1.0672358807150
0.826	1.0668201550959
0.827	1.0664048235372
0.828	1.0659898854385
0.829	1.0655753402008
0.830	1.0651611872264
0.831	1.0647474259188
0.832	1.0643340556828
0.833	1.0639210759242
0.834	1.0635084860505
0.835	1.0630962854699
0.836	1.0626844735924
0.837	1.0622730498287
0.838	1.0618620135911
0.839	1.0614513642929
0.840	1.0610411013488
0.841	1.0606312241747
0.842	1.0602217321875
0.843	1.0598126248056
0.844	1.0594039014484
0.845	1.0589955615367
0.846	1.0585876044922
0.847	1.0581800297381
0.848	1.0577728366987
0.849	1.0573660247994
0.850	1.0569595934670
0.851	1.0565535421292
0.852	1.0561478702151
0.853	1.0557425771550
0.854	1.0553376623802
0.855	1.0549331253233
0.856	1.0545289654181
0.857	1.0541251820994
0.858	1.0537217748034
0.859	1.0533187429672
0.860	1.0529160860294
0.861	1.0525138034294
0.862	1.0521118946080
0.863	1.0517103590070
0.864	1.0513091960694
0.865	1.0509084052395
0.866	1.0505079859624
0.867	1.0501079376846
0.868	1.0497082598538
0.869	1.0493089519185
0.870	1.0489100133287
0.871	1.0485114435353
0.872	1.0481132419903
0.873	1.0477154081470
0.874	1.0473179414597
0.875	1.0469208413839
0.876	1.0465241073761
0.877	1.0461277388939
0.878	1.0457317353961
0.879	1.0453360963426
0.880	1.0449408211943
0.881	1.0445459094134
0.882	1.0441513604629
0.883	1.0437571738072
0.884	1.0433633489116
0.885	1.0429698852424
0.886	1.0425767822673
0.887	1.0421840394548
0.888	1.0417916562746
0.889	1.0413996321974
0.890	1.0410079666951
0.891	1.0406166592405
0.892	1.0402257093076
0.893	1.0398351163714
0.894	1.0394448799081
0.895	1.0390549993947
0.896	1.0386654743094
0.897	1.0382763041316
0.898	1.0378874883414
0.899	1.0374990264203
0.900	1.0371109178506
0.901	1.0367231621158
0.902	1.0363357587004
0.903	1.0359487070898
0.904	1.0355620067706
0.905	1.0351756572305
0.906	1.0347896579580
0.907	1.0344040084427
0.908	1.0340187081753
0.909	1.0336337566475
0.910	1.0332491533521
0.911	1.0328648977826
0.912	1.0324809894339
0.913	1.0320974278016
0.914	1.0317142123826
0.915	1.0313313426746
0.916	1.0309488181764
0.917	1.0305666383877
0.918	1.0301848028092
0.919	1.0298033109428
0.920	1.0294221622912
0.921	1.0290413563581
0.922	1.0286608926482
0.923	1.0282807706673
0.924	1.0279009899221
0.925	1.0275215499202
0.926	1.0271424501703
0.927	1.0267636901820
0.928	1.0263852694660
0.929	1.0260071875337
0.930	1.0256294438978
0.931	1.0252520380718
0.932	1.0248749695701
0.933	1.0244982379082
0.934	1.0241218426024
0.935	1.0237457831701
0.936	1.0233700591297
0.937	1.0229946700003
0.938	1.0226196153022
0.939	1.0222448945565
0.940	1.0218705072854
0.941	1.0214964530118
0.942	1.0211227312597
0.943	1.0207493415541
0.944	1.0203762834207
0.945	1.0200035563865
0.946	1.0196311599790
0.947	1.0192590937270
0.948	1.0188873571600
0.949	1.0185159498084
0.950	1.0181448712037
0.951	1.0177741208783
0.952	1.0174036983653
0.953	1.0170336031990
0.954	1.0166638349143
0.955	1.0162943930473
0.956	1.0159252771349
0.957	1.0155564867148
0.958	1.0151880213258
0.959	1.0148198805074
0.960	1.0144520638002
0.961	1.0140845707455
0.962	1.0137174008856
0.963	1.0133505537637
0.964	1.0129840289238
0.965	1.0126178259109
0.966	1.0122519442709
0.967	1.0118863835505
0.968	1.0115211432972
0.969	1.0111562230595
0.970	1.0107916223869
0.971	1.0104273408295
0.972	1.0100633779384
0.973	1.0096997332656
0.974	1.0093364063639
0.975	1.0089733967871
0.976	1.0086107040897
0.977	1.0082483278272
0.978	1.0078862675557
0.979	1.0075245228326
0.980	1.0071630932157
0.981	1.0068019782640
0.982	1.0064411775371
0.983	1.0060806905956
0.984	1.0057205170008
0.985	1.0053606563151
0.986	1.0050011081016
0.987	1.0046418719240
0.988	1.0042829473473
0.989	1.0039243339370
0.990	1.0035660312595
0.991	1.0032080388822
0.992	1.0028503563731
0.993	1.0024929833011
0.994	1.0021359192360
0.995	1.0017791637484
0.996	1.0014227164096
0.997	1.0010665767920
0.998	1.0007107444684
0.999	1.0003552190129
1.000	1.0000000000000
1.001	0.9996450870052
1.002	0.9992904796049
1.003	0.9989361773760
1.004	0.9985821798966
1.005	0.9982284867453
1.006	0.9978750975017
1.007	0.9975220117460
1.008	0.9971692290593
1.009	0.9968167490236
1.010	0.9964645712216
1.011	0.9961126952368
1.012	0.9957611206534
1.013	0.9954098470565
1.014	0.9950588740320
1.015	0.9947082011665
1.016	0.9943578280475
1.017	0.9940077542631
1.018	0.9936579794024
1.019	0.9933085030552
1.020	0.9929593248118
1.021	0.9926104442638
1.022	0.9922618610031
1.023	0.9919135746227
1.024	0.9915655847161
1.025	0.9912459599623
1.026	0.9908704927028
1.027	0.9905535394866
1.028	0.9901765817275
1.029	0.9898622753258
1.030	0.9894838485668
1.031	0.9891721645224
1.032	0.9887922900093
1.033	0.9884832041280
1.034	0.9881019028555
1.035	0.9877953912027
1.036	0.9874126839181
1.037	0.9871087228155
1.038	0.9867246300218
1.039	0.9864231960441
1.040	0.9860377380030
1.041	0.9857388079751
1.042	0.9853520047101
1.043	0.9850555557037
1.044	0.9846674270030
1.045	0.9843734363340
1.046	0.9839840017538
1.047	0.9836924469785
1.048	0.9833017258457
1.049	0.9830125847587
1.050	0.9826205961739
1.051	0.9823338468048
1.052	0.9819406096450
1.053	0.9816562302554
1.054	0.9812617631771
1.055	0.9809797322581
1.056	0.9805840536998
1.057	0.9803043499689
1.058	0.9799074781541
1.059	0.9796300805525
1.060	0.9792320334922
1.061	0.9789569211823
1.062	0.9785577166777
1.063	0.9782848690402
1.064	0.9778845246855
1.065	0.9776139213168
1.066	0.9772124545014
1.067	0.9769440752111
1.068	0.9765415031226
1.069	0.9762753279307
1.070	0.9758716675572
1.071	0.9756076766919
1.072	0.9752029448245
1.073	0.9749411187193
1.074	0.9745353319546
1.075	0.9742756512462
1.076	0.9738688259886
1.077	0.9736112715142
1.078	0.9732034239784
1.079	0.9729479767735
1.080	0.9725391229867
1.081	0.9722857642826
1.082	0.9718759200872
1.083	0.9716246313087
1.084	0.9712138123639
1.085	0.9709645751270
1.086	0.9705527969118
1.087	0.9703055930215
1.088	0.9698928708364
1.089	0.9696476822844
1.090	0.9692340312538
1.091	0.9689908402162
1.092	0.9685762752906
1.093	0.9683350641258
1.094	0.9679196000838
1.095	0.9676803513303
1.096	0.9672640027809
1.097	0.9670266991554
1.098	0.9666094805397
1.099	0.9663741049348
1.100	0.9659560305284
1.101	0.9657225660105
1.102	0.9653036499255
1.103	0.9650720797328
1.104	0.9646523359196
1.105	0.9644226434602
1.106	0.9640020857096
1.107	0.9637742545594
1.108	0.9633528965044
1.109	0.9631269104052
1.110	0.9627047655231
1.111	0.9624806083807
1.112	0.9620576899949
1.113	0.9618353458769
1.114	0.9614116671587
1.115	0.9611911202932
1.116	0.9607666942638
1.117	0.9604446006873
1.118	0.9601227685690
1.119	0.9598011975677
1.120	0.9594798873431
1.121	0.9591588375552
1.122	0.9588380478648
1.123	0.9585175179332
1.124	0.9581972474225
1.125	0.9578772359951
1.126	0.9575574833142
1.127	0.9572379890437
1.128	0.9569187528478
1.129	0.9565997743917
1.130	0.9562810533407
1.131	0.9559625893612
1.132	0.9556443821199
1.133	0.9553264312842
1.134	0.9550087365220
1.135	0.9546912975019
1.136	0.9543741138931
1.137	0.9540571853652
1.138	0.9537405115886
1.139	0.9534240922342
1.140	0.9531079269735
1.141	0.9527920154786
1.142	0.9524763574222
1.143	0.9521609524775
1.144	0.9518458003183
1.145	0.9515309006190
1.146	0.9512162530547
1.147	0.9509018573008
1.148	0.9505877130336
1.149	0.9502738199297
1.150	0.9499601776665
1.151	0.9496467859217
1.152	0.9493336443738
1.153	0.9490207527019
1.154	0.9488323149826
1.155	0.9483957177045
1.156	0.9482087863252
1.157	0.9477716783728
1.158	0.9475862405938
1.159	0.9471486321592
1.160	0.9469646753643
1.161	0.9465265765249
1.162	0.9463440882206
1.163	0.9459055089402
1.164	0.9457244767539
1.165	0.9452854268842
1.166	0.9451058385630
1.167	0.9446663278449
1.168	0.9444881712542
1.169	0.9440482093192
1.170	0.9438714724414
1.171	0.9434310688127
1.172	0.9432557397460
1.173	0.9428149038396
1.174	0.9426409707966
1.175	0.9421997119231
1.176	0.9420271632297
1.177	0.9415854905948
1.178	0.9414143146887
1.179	0.9409722373952
1.180	0.9408024228248
1.181	0.9403599498730
1.182	0.9401914852963
1.183	0.9397486255859
1.184	0.9395814997691
1.185	0.9391382620998
1.186	0.9389724639161
1.187	0.9385288569892
1.188	0.9383643754179
1.189	0.9379204078369
1.190	0.9377572319619
1.191	0.9373129122343
1.192	0.9371510312433
1.193	0.9367063677810
1.194	0.9365457709640
1.195	0.9361007720850
1.196	0.9359414488335
1.197	0.9354961227626
1.198	0.9353380625683
1.199	0.9348924174384
1.200	0.9347356098921
1.201	0.9342896537450
1.202	0.9341340885357
1.203	0.9336878293234
1.204	0.9335334962372
1.205	0.9330869418226
1.206	0.9329338307415
1.207	0.9324869888999
1.208	0.9323350898009
1.209	0.9318879682205
1.210	0.9317372711744
1.211	0.9312898774576
1.212	0.9311403726284
1.213	0.9306927142925
1.214	0.9305443919359
1.215	0.9300964764146
1.216	0.9299493268772
1.217	0.9295011615209
1.218	0.9293551752395
1.219	0.9289067673166
1.220	0.9287619348168
1.221	0.9283132915146
1.222	0.9281696034101
1.223	0.9277207318356
1.224	0.9275781788273
1.225	0.9271290860083
1.226	0.9269876588831
1.227	0.9265383517690
1.228	0.9263980413992
1.229	0.9259485268616
1.230	0.9258093242039
1.231	0.9253596090380
1.232	0.9252215051325
1.233	0.9247715960575
1.234	0.9244779281854
1.235	0.9241844856873
1.236	0.9238912682852
1.237	0.9235982757018
1.238	0.9233055076600
1.239	0.9230129638833
1.240	0.9227206440957
1.241	0.9224285480215
1.242	0.9221366753858
1.243	0.9218450259137
1.244	0.9215535993311
1.245	0.9212623953644
1.246	0.9209714137402
1.247	0.9206806541858
1.248	0.9203901164288
1.249	0.9200998001974
1.250	0.9198097052201
1.251	0.9195198312260
1.252	0.9192301779446
1.253	0.9189407451059
1.254	0.9186515324402
1.255	0.9183625396785
1.256	0.9180737665520
1.257	0.9177852127926
1.258	0.9174968781325
1.259	0.9172087623043
1.260	0.9169208650412
1.261	0.9166331860767
1.262	0.9163457251450
1.263	0.9160584819804
1.264	0.9157714563179
1.265	0.9154846478928
1.266	0.9151980564409
1.267	0.9149116816986
1.268	0.9146255234024
1.269	0.9143395812895
1.270	0.9140538550976
1.271	0.9137683445645
1.272	0.9134830494288
1.273	0.9131979694293
1.274	0.9129131043054
1.275	0.9126284537968
1.276	0.9123440176437
1.277	0.9120597955868
1.278	0.9117757873670
1.279	0.9114919927260
1.280	0.9112084114056
1.281	0.9110946425422
1.282	0.9106418876964
1.283	0.9105290147632
1.284	0.9100762141836
1.285	0.9099642301410
1.286	0.9095113888178
1.287	0.9094002866890
1.288	0.9089474095568
1.289	0.9088371824268
1.290	0.9083842743648
1.291	0.9082749153802
1.292	0.9078219812131
1.293	0.9077134835810
1.294	0.9072605280794
1.295	0.9071528850672
1.296	0.9066999129483
1.297	0.9065931178829
1.298	0.9061401338111
1.299	0.9060341800783
1.300	0.9055811886656
1.301	0.9054760697095
1.302	0.9050230755163
1.303	0.9049187848387
1.304	0.9044657923741
1.305	0.9043623235341
1.306	0.9039093372568
1.307	0.9038066838699
1.308	0.9033537081883
1.309	0.9032518639262
1.310	0.9027989031994
1.311	0.9026978617891
1.312	0.9022449203270
1.313	0.9021446755505
1.314	0.9016917576148
1.315	0.9015923033084
1.316	0.9011394131127
1.317	0.9010407431665
1.318	0.9005878848771
1.319	0.9004899932344
1.320	0.9000371709705
1.321	0.8999400516276
1.322	0.8994872694622
1.323	0.8993909164672
1.324	0.8989381784273
1.325	0.8988425858804
1.326	0.8983898959476
1.327	0.8982950579999
1.328	0.8978424201110
1.329	0.8977483309644
1.330	0.8972957490115
1.331	0.8972024029181
1.332	0.8967498807495
1.333	0.8966572720111
1.334	0.8962048134316
1.335	0.8961129363990
1.336	0.8956605451703
1.337	0.8955693942431
1.338	0.8951170740845
1.339	0.8950266437107
1.340	0.8945743982991
1.341	0.8944846829742
1.342	0.8940325159450
1.343	0.8937618717223
1.344	0.8934914251593
1.345	0.8932211760241
1.346	0.8929511240851
1.347	0.8926812691112
1.348	0.8924116108714
1.349	0.8921421491355
1.350	0.8918728836733
1.351	0.8916038142552
1.352	0.8913349406518
1.353	0.8910662626342
1.354	0.8907977799737
1.355	0.8905294924423
1.356	0.8902613998120
1.357	0.8899935018554
1.358	0.8897257983454
1.359	0.8894582890552
1.360	0.8891909737584
1.361	0.8889238522290
1.362	0.8886569242414
1.363	0.8883901895703
1.364	0.8881236479908
1.365	0.8878572992782
1.366	0.8875911432084
1.367	0.8873251795575
1.368	0.8870594081020
1.369	0.8867938286189
1.370	0.8865284408852
1.371	0.8862632446787
1.372	0.8859982397772
1.373	0.8857334259591
1.374	0.8854688030029
1.375	0.8852043706877
1.376	0.8849401287929
1.377	0.8846760770981
1.378	0.8844122153833
1.379	0.8841485434291
1.380	0.8838850610162
1.381	0.8836217679256
1.382	0.8833586639389
1.383	0.8830957488378
1.384	0.8828330224044
1.385	0.8825704844214
1.386	0.8823081346714
1.387	0.8820459729378
1.388	0.8817839990040
1.389	0.8815222126539
1.390	0.8812606136717
1.391	0.8809992018421
1.392	0.8807379769498
1.393	0.8804769387802
1.394	0.8802160871188
1.395	0.8799554217515
1.396	0.8796949424647
1.397	0.8794346490449
1.398	0.8791745412790
1.399	0.8789146189543
1.400	0.8786548818585
1.401	0.8783953297795
1.402	0.8781359625055
1.403	0.8778767798252
1.404	0.8776177815275
1.405	0.8773589674018
1.406	0.8771003372375
1.407	0.8768418908248
1.408	0.8767732480611
1.409	0.8763255484150
1.410	0.8762574568497
1.411	0.8758099384988
1.412	0.8757423940540
1.413	0.8752950594074
1.414	0.8752280580391
1.415	0.8747809094776
1.416	0.8747144471749
1.417	0.8742674870512
1.418	0.8742015598363
1.419	0.8737547904753
1.420	0.8736893944030
1.421	0.8732428181022
1.422	0.8731779492597
1.423	0.8727315682893
1.424	0.8726672227957
1.425	0.8722210393991
1.426	0.8721572134054
1.427	0.8717112297993
1.428	0.8716479194878
1.429	0.8712021378627
1.430	0.8711393394471
1.431	0.8706937619670
1.432	0.8706314716917
1.433	0.8701861004953
1.434	0.8701243146353
1.435	0.8696791518353
1.436	0.8696178666961
1.437	0.8691729143801
1.438	0.8691121262970
1.439	0.8686673865275
1.440	0.8686070918656
1.441	0.8681625666805
1.442	0.8681027618345
1.443	0.8676584532470
1.444	0.8675991346406
1.445	0.8671550446397
1.446	0.8670962087258
1.447	0.8666523392764
1.448	0.8665939825363
1.449	0.8661503355796
1.450	0.8660924545232
1.451	0.8656490319769
1.452	0.8655916231421
1.453	0.8651484269006
1.454	0.8650914868533
1.455	0.8646485187879
1.456	0.8645920441217
1.457	0.8641493060808
1.458	0.8640932934165
1.459	0.8636507872261
1.460	0.8635952332117
1.461	0.8631529606753
1.462	0.8630978619859
1.463	0.8626558248850
1.464	0.8626011782220
1.465	0.8621593783160
1.466	0.8621051804075
1.467	0.8616636194344
1.468	0.8614159973981
1.469	0.8611685467105
1.470	0.8609212671811
1.471	0.8606741586197
1.472	0.8604272208365
1.473	0.8601804536418
1.474	0.8599338568465
1.475	0.8596874302614
1.476	0.8594411736979
1.477	0.8591950869676
1.478	0.8589491698823
1.479	0.8587034222543
1.480	0.8584578438959
1.481	0.8582124346198
1.482	0.8579671942391
1.483	0.8577221225671
1.484	0.8574772194174
1.485	0.8572324846039
1.486	0.8569879179406
1.487	0.8567435192420
1.488	0.8564992883229
1.489	0.8562552249983
1.490	0.8560113290833
1.491	0.8557676003937
1.492	0.8555240387452
1.493	0.8552806439539
1.494	0.8550374158363
1.495	0.8547943542091
1.496	0.8545514588891
1.497	0.8543087296937
1.498	0.8540661664403
1.499	0.8538237689467
1.500	0.8535815370311
1.501	0.8533394705116
1.502	0.8530975692071
1.503	0.8528558329362
1.504	0.8526142615183
1.505	0.8523728547728
1.506	0.8521316125192
1.507	0.8518905345777
1.508	0.8516496207686
1.509	0.8514088709122
1.510	0.8511682848294
1.511	0.8509278623413
1.512	0.8506876032692
1.513	0.8504475074348
1.514	0.8502075746598
1.515	0.8499678047664
1.516	0.8497281975771
1.517	0.8494887529145
1.518	0.8492494706016
1.519	0.8490103504615
1.520	0.8487713923178
1.521	0.8485325959941
1.522	0.8482939613145
1.523	0.8480554881033
1.524	0.8478171761850
1.525	0.8475790253843
1.526	0.8473410355264
1.527	0.8471032064365
1.528	0.8468655379402
1.529	0.8466280298634
1.530	0.8463906820322
1.531	0.8461534942729
1.532	0.8459164664122
1.533	0.8456795982769
1.534	0.8454428896942
1.535	0.8452063404914
1.536	0.8449699504963
1.537	0.8449297598755
1.538	0.8444976474408
1.539	0.8444578022869
1.540	0.8440259791541
1.541	0.8439864770317
1.542	0.8435549442667
1.543	0.8435157827591
1.544	0.8430845414129
1.545	0.8430457181222
1.546	0.8426147692316
1.547	0.8425762817779
1.548	0.8421456263651
1.549	0.8421074723873
1.550	0.8416771114604
1.551	0.8416392886150
1.552	0.8412092231679
1.553	0.8411717291296
1.554	0.8407419601424
1.555	0.8407047926036
1.556	0.8402753210425
1.557	0.8402384777132
1.558	0.8398093045309
1.559	0.8397727831386
1.560	0.8393439092741
1.561	0.8391114442007
1.562	0.8388791339427
1.563	0.8386469783345
1.564	0.8384149772109
1.565	0.8381831304068
1.566	0.8379514377573
1.567	0.8377198990979
1.568	0.8374885142641
1.569	0.8372572830918
1.570	0.8370262054172
1.571	0.8367952810767
1.572	0.8365645099068
1.573	0.8363338917444
1.574	0.8361034264267
1.575	0.8358731137908
1.576	0.8356429536744
1.577	0.8354129459153
1.578	0.8351830903516
1.579	0.8349533868214
1.580	0.8347238351634
1.581	0.8344944352163
1.582	0.8342651868190
1.583	0.8340360898109
1.584	0.8338071440313
1.585	0.8335783493199
1.586	0.8333497055168
1.587	0.8331212124619
1.588	0.8328928699959
1.589	0.8326646779592
1.590	0.8324366361927
1.591	0.8322087445376
1.592	0.8319810028352
1.593	0.8317534109269
1.594	0.8315259686547
1.595	0.8312986758605
1.596	0.8310715323866
1.597	0.8308445380754
1.598	0.8306176927698
1.599	0.8303909963125
1.600	0.8301644485468
1.601	0.8299380493160
1.602	0.8297117984639
1.603	0.8294856958342
1.604	0.8292597412710
1.605	0.8290339346186
1.606	0.8288082757215
1.607	0.8285827644246
1.608	0.8283574005727
1.609	0.8281321840111
1.610	0.8279071145852
1.611	0.8276821921406
1.612	0.8274574165233
1.613	0.8272327875793
1.614	0.8270083051549
1.615	0.8267839690968
1.616	0.8265597792515
1.617	0.8263357354662
1.618	0.8261118375880
1.619	0.8258880854644
1.620	0.8256644789430
1.621	0.8254410178716
1.622	0.8252177020985
1.623	0.8249945314717
1.624	0.8247715058400
1.625	0.8245486250520
1.626	0.8243258889566
1.627	0.8241032974031
1.628	0.8238808502409
1.629	0.8236585473195
1.630	0.8234363884888
1.631	0.8232143735988
1.632	0.8229925024997
1.633	0.8227707750422
1.634	0.8225491910767
1.635	0.8223277504543
1.636	0.8221064530260
1.637	0.8218852986432
1.638	0.8216642871574
1.639	0.8214434184203
1.640	0.8212226922840
1.641	0.8210021086006
1.642	0.8207816672224
1.643	0.8205613680021
1.644	0.8203412107926
1.645	0.8201211954467
1.646	0.8199013218177
1.647	0.8196815897592
1.648	0.8194619991246
1.649	0.8192425497680
1.650	0.8190232415432
1.651	0.8188040743047
1.652	0.8185850479069
1.653	0.8183661622044
1.654	0.8181474170522
1.655	0.8179288123054
1.656	0.8177103478193
1.657	0.8174920234494
1.658	0.8172738390513
1.659	0.8170557944811
1.660	0.8168378895949
1.661	0.8166201242489
1.662	0.8164024982998
1.663	0.8161850116042
1.664	0.8159676640191
1.665	0.8157504554017
1.666	0.8157282639575
1.667	0.8153164544993
1.668	0.8152944837841
1.669	0.8148830077583
1.670	0.8148612562698
1.671	0.8144501140430
1.672	0.8144285802899
1.673	0.8140177722212
1.674	0.8139964547229
1.675	0.8135859811635
1.676	0.8135648784503
1.677	0.8131547397441
1.678	0.8131338503567
1.679	0.8127240468401
1.680	0.8127033693298
1.681	0.8122939013318
1.682	0.8122734342603
1.683	0.8118643021027
1.684	0.8118440440423
1.685	0.8114352480395
1.686	0.8112209250980
1.687	0.8110067380319
1.688	0.8107926867029
1.689	0.8105787709728
1.690	0.8103649907038
1.691	0.8101513457582
1.692	0.8099378359985
1.693	0.8097244612872
1.694	0.8095112214874
1.695	0.8092981164620
1.696	0.8090851460742
1.697	0.8088723101877
1.698	0.8086596086659
1.699	0.8084470413727
1.700	0.8082346081721
1.701	0.8080223089283
1.702	0.8078101435058
1.703	0.8075981117690
1.704	0.8073862135828
1.705	0.8071744488121
1.706	0.8069628173222
1.707	0.8067513189782
1.708	0.8065399536458
1.709	0.8063287211906
1.710	0.8061176214786
1.711	0.8059066543759
1.712	0.8056958197486
1.713	0.8054851174633
1.714	0.8052745473867
1.715	0.8050641093855
1.716	0.8048538033268
1.717	0.8046436290777
1.718	0.8044335865057
1.719	0.8042236754783
1.720	0.8040138958632
1.721	0.8038042475285
1.722	0.8035947303422
1.723	0.8033853441726
1.724	0.8031760888883
1.725	0.8029669643578
1.726	0.8027579704500
1.727	0.8025491070340
1.728	0.8023403739790
1.729	0.8021317711543
1.730	0.8019232984295
1.731	0.8017149556744
1.732	0.8015067427589
1.733	0.8012986595531
1.734	0.8010907059274
1.735	0.8008828817521
1.736	0.8006751868980
1.737	0.8004676212358
1.738	0.8002601846366
1.739	0.8000528769715
1.740	0.7998456981119
1.741	0.7996386479293
1.742	0.7994317262955
1.743	0.7992249330824
1.744	0.7990182681619
1.745	0.7988117314064
1.746	0.7986053226883
1.747	0.7983990418801
1.748	0.7981928888547
1.749	0.7979868634849
1.750	0.7977809656439
1.751	0.7975751952050
1.752	0.7973695520416
1.753	0.7971640360274
1.754	0.7969586470362
1.755	0.7967533849419
1.756	0.7965482496188
1.757	0.7963432409411
1.758	0.7961383587834
1.759	0.7959336030203
1.760	0.7957289735267
1.761	0.7955244701775
1.762	0.7953200928480
1.763	0.7951158414135
1.764	0.7949117157496
1.765	0.7947077157319
1.766	0.7945038412363
1.767	0.7943000921388
1.768	0.7940964683157
1.769	0.7938929696433
1.770	0.7936895959981
1.771	0.7934863472569
1.772	0.7932832232964
1.773	0.7930802239939
1.774	0.7928773492264
1.775	0.7926745988714
1.776	0.7924719728064
1.777	0.7922694709091
1.778	0.7920670930574
1.779	0.7918648391293
1.780	0.7916627090030
1.781	0.7914607025569
1.782	0.7912588196695
1.783	0.7910570602196
1.784	0.7908554240860
1.785	0.7906539111477
1.786	0.7904525212839
1.787	0.7902512543740
1.788	0.7900501102975
1.789	0.7898490889340
1.790	0.7896481901635
1.791	0.7894474138659
1.792	0.7892467599214
1.793	0.7892359974884
1.794	0.7888458186132
1.795	0.7888351999613
1.796	0.7884453652835
1.797	0.7884348894545
1.798	0.7880453989793
1.799	0.7880350650218
1.800	0.7876459187505
1.801	0.7876357257195
1.802	0.7872469236493
1.803	0.7872368706064
1.804	0.7868484127305
1.805	0.7868384987436
1.806	0.7864503850515
1.807	0.7864406091950
1.808	0.7860528396722
1.809	0.7860432010268
1.810	0.7856557756550
1.811	0.7854574238649
1.812	0.7852591920649
1.813	0.7850610801384
1.814	0.7848630879692
1.815	0.7846652154411
1.816	0.7844674624380
1.817	0.7842698288440
1.818	0.7840723145436
1.819	0.7838749194210
1.820	0.7836776433609
1.821	0.7834804862481
1.822	0.7832834479674
1.823	0.7830865284039
1.824	0.7828897274428
1.825	0.7826930449695
1.826	0.7824964808695
1.827	0.7823000350284
1.828	0.7821037073321
1.829	0.7819074976665
1.830	0.7817114059178
1.831	0.7815154319723
1.832	0.7813195757164
1.833	0.7811238370365
1.834	0.7809282158196
1.835	0.7807327119525
1.836	0.7805373253221
1.837	0.7803420558157
1.838	0.7801469033206
1.839	0.7799518677243
1.840	0.7797569489145
1.841	0.7795621467787
1.842	0.7793674612052
1.843	0.7791728920818
1.844	0.7789784392968
1.845	0.7787841027386
1.846	0.7785898822957
1.847	0.7783957778568
1.848	0.7782017893106
1.849	0.7780079165462
1.850	0.7778141594527
1.851	0.7776205179193
1.852	0.7774269918353
1.853	0.7772335810905
1.854	0.7770402855743
1.855	0.7768471051768
1.856	0.7766540397878
1.857	0.7764610892975
1.858	0.7762682535962
1.859	0.7760755325743
1.860	0.7758829261223
1.861	0.7756904341309
1.862	0.7754980564911
1.863	0.7753057930938
1.864	0.7751136438301
1.865	0.7749216085913
1.866	0.7747296872688
1.867	0.7745378797543
1.868	0.7743461859393
1.869	0.7741546057158
1.870	0.7739631389758
1.871	0.7737717856113
1.872	0.7735805455147
1.873	0.7733894185784
1.874	0.7731984046949
1.875	0.7730075037569
1.876	0.7728167156573
1.877	0.7726260402891
1.878	0.7724354775453
1.879	0.7722450273192
1.880	0.7720546895043
1.881	0.7718644639940
1.882	0.7716743506820
1.883	0.7714843494622
1.884	0.7712944602285
1.885	0.7711046828750
1.886	0.7709150172959
1.887	0.7707254633856
1.888	0.7705360210387
1.889	0.7703466901496
1.890	0.7701574706133
1.891	0.7699683623246
1.892	0.7697793651787
1.893	0.7695904790706
1.894	0.7694017038957
1.895	0.7692130395495
1.896	0.7690244859276
1.897	0.7688360429258
1.898	0.7686477104398
1.899	0.7684594883657
1.900	0.7682713765996
1.901	0.7680833750378
1.902	0.7678954835768
1.903	0.7677077021130
1.904	0.7675200305432
1.905	0.7673324687641
1.906	0.7671450166728
1.907	0.7669576741662
1.908	0.7667704411416
1.909	0.7665833174964
1.910	0.7663963031280
1.911	0.7662093979340
1.912	0.7660226018122
1.913	0.7658359146605
1.914	0.7656493363768
1.915	0.7654628668593
1.916	0.7652765060063
1.917	0.7650902537161
1.918	0.7649041098874
1.919	0.7647180744188
1.920	0.7647147809379
1.921	0.7643463281570
1.922	0.7643431288895
1.923	0.7639750141227
1.924	0.7639719084445
1.925	0.7636041315100
1.926	0.7636011188010
1.927	0.7632336795148
1.928	0.7632307591593
1.929	0.7628636573354
1.930	0.7628608287214
1.931	0.7624940641720
1.932	0.7624913266916
1.933	0.7621248992267
1.934	0.7621222522762
1.935	0.7617561617040
1.936	0.7615719529779
1.937	0.7613878508100
1.938	0.7612038551014
1.939	0.7610199657533
1.940	0.7608361826670
1.941	0.7606525057441
1.942	0.7604689348862
1.943	0.7602854699950
1.944	0.7601021109723
1.945	0.7599188577203
1.946	0.7597357101409
1.947	0.7595526681365
1.948	0.7593697316093
1.949	0.7591869004619
1.950	0.7590041745970
1.951	0.7588215539171
1.952	0.7586390383253
1.953	0.7584566277245
1.954	0.7582743220177
1.955	0.7580921211084
1.956	0.7579100248997
1.957	0.7577280332951
1.958	0.7575461461984
1.959	0.7573643635132
1.960	0.7571826851433
1.961	0.7570011109927
1.962	0.7568196409656
1.963	0.7566382749661
1.964	0.7564570128985
1.965	0.7562758546674
1.966	0.7560948001772
1.967	0.7559138493328
1.968	0.7557330020389
1.969	0.7555522582004
1.970	0.7553716177225
1.971	0.7551910805102
1.972	0.7550106464690
1.973	0.7548303155042
1.974	0.7546500875213
1.975	0.7544699624261
1.976	0.7542899401242
1.977	0.7541100205217
1.978	0.7539302035245
1.979	0.7537504890387
1.980	0.7535708769707
1.981	0.7533913672267
1.982	0.7532119597133
1.983	0.7530326543370
1.984	0.7528534510047
1.985	0.7526743496231
1.986	0.7524953500992
1.987	0.7523164523402
1.988	0.7521376562530
1.989	0.7519589617452
1.990	0.7517803687241
1.991	0.7516018770973
1.992	0.7514234867724
1.993	0.7512451976572
1.994	0.7510670096596
1.995	0.7508889226876
1.996	0.7507109366493
1.997	0.7505330514530
1.998	0.7503552670070
1.999	0.7501775832198
2.000	0.7500000000000
