0.000	1.6449340668472
0.001	1.6437330912314
0.002	1.6425342740547
0.003	1.6413376091320
0.004	1.6401430903024
0.005	1.6389507114290
0.006	1.6377604663990
0.007	1.6365723491232
0.008	1.6353863535362
0.009	1.6342024735962
0.010	1.6330207032848
0.011	1.6318410366072
0.012	1.6306634675915
0.013	1.6294879902891
0.014	1.6283145987745
0.015	1.6271432871448
0.016	1.6259740495203
0.017	1.6248068800437
0.018	1.6236417728802
0.019	1.6224787222179
0.020	1.6213177222667
0.021	1.6201587672591
0.022	1.6190018514496
0.023	1.6178469691147
0.024	1.6166941145531
0.025	1.6155432820848
0.026	1.6143944660520
0.027	1.6132476608182
0.028	1.6121028607686
0.029	1.6109600603096
0.030	1.6098192538691
0.031	1.6086804358960
0.032	1.6075436008605
0.033	1.6064087432535
0.034	1.6052758575871
0.035	1.6041449383940
0.036	1.6030159802276
0.037	1.6018889776620
0.038	1.6007639252916
0.039	1.5996408177314
0.040	1.5985196496166
0.041	1.5974004156026
0.042	1.5962831103650
0.043	1.5951677285991
0.044	1.5940542650206
0.045	1.5929427143646
0.046	1.5918330713861
0.047	1.5907253308598
0.048	1.5896194875797
0.049	1.5885155363596
0.050	1.5874134720323
0.051	1.5863132894501
0.052	1.5852149834845
0.053	1.5841185490258
0.054	1.5830239809835
0.055	1.5819312742861
0.056	1.5808404238808
0.057	1.5797514247334
0.058	1.5786642718286
0.059	1.5775789601694
0.060	1.5764954847775
0.061	1.5754138406929
0.062	1.5743340229738
0.063	1.5732560266966
0.064	1.5721798469561
0.065	1.5711054788647
0.066	1.5700329175533
0.067	1.5689621581701
0.068	1.5678931958815
0.069	1.5668260258715
0.070	1.5657606433417
0.071	1.5646970435111
0.072	1.5636352216165
0.073	1.5625751729119
0.074	1.5615168926684
0.075	1.5604603761748
0.076	1.5594056187365
0.077	1.5583526156764
0.078	1.5573013623342
0.079	1.5562518540665
0.080	1.5552040862469
0.081	1.5541580542654
0.082	1.5531137535291
0.083	1.5520711794613
0.084	1.5510303275023
0.085	1.5499911931083
0.086	1.5489537717524
0.087	1.5479180589236
0.088	1.5468840501273
0.089	1.5458517408851
0.090	1.5448211267347
0.091	1.5437922032295
0.092	1.5427649659393
0.093	1.5417394104494
0.094	1.5407155323611
0.095	1.5396933272912
0.096	1.5386727908724
0.097	1.5376539187529
0.098	1.5366367065963
0.099	1.5356211500817
0.100	1.5346072449037
0.101	1.5335949867720
0.102	1.5325843714116
0.103	1.5315753945627
0.104	1.5305680519805
0.105	1.5295623394355
0.106	1.5285582527128
0.107	1.5275557876126
0.108	1.5265549399498
0.109	1.5255557055543
0.110	1.5245580802704
0.111	1.5235620599573
0.112	1.5225676404885
0.113	1.5215748177522
0.114	1.5205835876509
0.115	1.5195939461017
0.116	1.5186058890356
0.117	1.5176194123984
0.118	1.5166345121495
0.119	1.5156511842628
0.120	1.5146694247262
0.121	1.5136892295414
0.122	1.5127105947244
0.123	1.5117335163046
0.124	1.5107579903256
0.125	1.5097840128446
0.126	1.5088115799325
0.127	1.5078406876737
0.128	1.5068713321665
0.129	1.5059035095224
0.130	1.5049372158664
0.131	1.5039724473371
0.132	1.5030092000861
0.133	1.5020474702786
0.134	1.5010872540928
0.135	1.5001285477202
0.136	1.4991713473654
0.137	1.4982156492458
0.138	1.4972614495920
0.139	1.4963087446477
0.140	1.4953575306691
0.141	1.4944078039255
0.142	1.4934595606988
0.143	1.4925127972837
0.144	1.4915675099876
0.145	1.4906236951304
0.146	1.4896813490446
0.147	1.4887404680751
0.148	1.4878010485794
0.149	1.4868630869273
0.150	1.4859265795009
0.151	1.4849915226946
0.152	1.4840579129151
0.153	1.4831257465811
0.154	1.4821950201237
0.155	1.4812657299857
0.156	1.4803378726223
0.157	1.4794114445004
0.158	1.4784864420989
0.159	1.4775628619087
0.160	1.4766407004322
0.161	1.4757199541838
0.162	1.4748006196896
0.163	1.4738826934874
0.164	1.4729661721264
0.165	1.4720510521675
0.166	1.4711373301833
0.167	1.4702250027576
0.168	1.4693140664856
0.169	1.4684045179742
0.170	1.4674963538412
0.171	1.4665895707161
0.172	1.4656841652392
0.173	1.4647801340623
0.174	1.4638774738482
0.175	1.4629761812708
0.176	1.4620762530151
0.177	1.4611776857770
0.178	1.4602804762635
0.179	1.4593846211922
0.180	1.4584901172919
0.181	1.4575969613020
0.182	1.4567051499728
0.183	1.4558146800651
0.184	1.4549255483507
0.185	1.4540377516118
0.186	1.4531512866413
0.187	1.4522661502424
0.188	1.4513823392292
0.189	1.4504998504259
0.190	1.4496186806673
0.191	1.4487388267985
0.192	1.4478602856751
0.193	1.4469830541626
0.194	1.4461071291372
0.195	1.4452325074849
0.196	1.4443591861022
0.197	1.4434871618954
0.198	1.4426164317810
0.199	1.4417469926857
0.200	1.4408788415460
0.201	1.4400119753083
0.202	1.4391463909291
0.203	1.4382820853746
0.204	1.4374190556210
0.205	1.4365572986540
0.206	1.4356968114694
0.207	1.4348375910724
0.208	1.4339796344781
0.209	1.4331229387111
0.210	1.4322675008057
0.211	1.4314133178055
0.212	1.4305603867639
0.213	1.4297087047437
0.214	1.4288582688169
0.215	1.4280090760653
0.216	1.4271611235796
0.217	1.4263144084603
0.218	1.4254689278168
0.219	1.4246246787679
0.220	1.4237816584416
0.221	1.4229398639751
0.222	1.4220992925146
0.223	1.4212599412156
0.224	1.4204218072424
0.225	1.4195848877686
0.226	1.4187491799766
0.227	1.4179146810578
0.228	1.4170813882126
0.229	1.4162492986500
0.230	1.4154184095882
0.231	1.4145887182539
0.232	1.4137602218829
0.233	1.4129329177194
0.234	1.4121068030166
0.235	1.4112818750361
0.236	1.4104581310482
0.237	1.4096355683320
0.238	1.4088141841750
0.239	1.4079939758731
0.240	1.4071749407310
0.241	1.4063570760616
0.242	1.4055403791863
0.243	1.4047248474351
0.244	1.4039104781460
0.245	1.4030972686655
0.246	1.4022852163486
0.247	1.4014743185582
0.248	1.4006645726657
0.249	1.3998559760506
0.250	1.3990485261004
0.251	1.3982422202111
0.252	1.3974370557865
0.253	1.3966330302385
0.254	1.3958301409873
0.255	1.3950283854607
0.256	1.3942277610948
0.257	1.3934282653335
0.258	1.3926298956287
0.259	1.3918326494400
0.260	1.3910365242350
0.261	1.3902415174891
0.262	1.3894476266855
0.263	1.3886548493152
0.264	1.3878631828767
0.265	1.3870726248764
0.266	1.3862831728284
0.267	1.3854948242544
0.268	1.3847075766835
0.269	1.3839214276528
0.270	1.3831363747064
0.271	1.3823524153965
0.272	1.3815695472824
0.273	1.3807877679309
0.274	1.3800070749165
0.275	1.3792274658207
0.276	1.3784489382327
0.277	1.3776714897489
0.278	1.3768951179731
0.279	1.3761198205164
0.280	1.3753455949969
0.281	1.3745724390404
0.282	1.3738003502794
0.283	1.3730293263540
0.284	1.3722593649112
0.285	1.3714904636053
0.286	1.3707226200975
0.287	1.3699558320562
0.288	1.3691900971569
0.289	1.3684254130819
0.290	1.3676617775206
0.291	1.3668991881696
0.292	1.3661376427320
0.293	1.3653771389180
0.294	1.3646176744449
0.295	1.3638592470366
0.296	1.3631018544238
0.297	1.3623454943442
0.298	1.3615901645421
0.299	1.3608358627687
0.300	1.3600825867818
0.301	1.3593303343461
0.302	1.3585791032327
0.303	1.3578288912195
0.304	1.3570796960911
0.305	1.3563315156385
0.306	1.3555843476596
0.307	1.3548381899584
0.308	1.3540930403458
0.309	1.3533488966391
0.310	1.3526057566620
0.311	1.3518636182447
0.312	1.3511224792239
0.313	1.3503823374426
0.314	1.3496431907502
0.315	1.3489050370025
0.316	1.3481678740617
0.317	1.3474316997961
0.318	1.3466965120805
0.319	1.3459623087958
0.320	1.3452290878292
0.321	1.3444968470743
0.322	1.3437655844305
0.323	1.3430352978038
0.324	1.3423059851060
0.325	1.3415776442551
0.326	1.3408502731755
0.327	1.3401238697973
0.328	1.3393984320567
0.329	1.3386739578963
0.330	1.3379504452642
0.331	1.3372278921148
0.332	1.3365062964085
0.333	1.3357856561115
0.334	1.3350659691959
0.335	1.3343472336398
0.336	1.3336294474272
0.337	1.3329126085479
0.338	1.3321967149975
0.339	1.3314817647775
0.340	1.3307677558951
0.341	1.3300546863634
0.342	1.3293425542012
0.343	1.3286313574329
0.344	1.3279210940888
0.345	1.3272117622047
0.346	1.3265033598224
0.347	1.3257958849888
0.348	1.3250893357570
0.349	1.3243837101853
0.350	1.3236790063379
0.351	1.3229752222842
0.352	1.3222723560995
0.353	1.3215704058643
0.354	1.3208693696650
0.355	1.3201692455931
0.356	1.3194700317457
0.357	1.3187717262255
0.358	1.3180743271403
0.359	1.3173778326037
0.360	1.3166822407344
0.361	1.3159875496564
0.362	1.3152937574994
0.363	1.3146008623982
0.364	1.3139088624928
0.365	1.3132177559287
0.366	1.3125275408566
0.367	1.3118382154324
0.368	1.3111497778173
0.369	1.3104622261777
0.370	1.3097755586851
0.371	1.3090897735163
0.372	1.3084048688532
0.373	1.3077208428829
0.374	1.3070376937975
0.375	1.3063554197943
0.376	1.3056740190757
0.377	1.3049934898491
0.378	1.3043138303269
0.379	1.3036350387266
0.380	1.3029571132709
0.381	1.3022800521871
0.382	1.3016038537077
0.383	1.3009285160703
0.384	1.3002540375171
0.385	1.2995804162955
0.386	1.2989076506577
0.387	1.2982357388607
0.388	1.2975646791666
0.389	1.2968944698422
0.390	1.2962251091591
0.391	1.2955565953938
0.392	1.2948889268277
0.393	1.2942221017466
0.394	1.2935561184416
0.395	1.2928909752081
0.396	1.2922266703466
0.397	1.2915632021619
0.398	1.2909005689640
0.399	1.2902387690672
0.400	1.2895778007906
0.401	1.2889176624579
0.402	1.2882583523976
0.403	1.2875998689426
0.404	1.2869422104306
0.405	1.2862853752037
0.406	1.2856293616087
0.407	1.2849741679970
0.408	1.2843197927244
0.409	1.2836662341513
0.410	1.2830134906425
0.411	1.2823615605676
0.412	1.2817104423002
0.413	1.2810601342189
0.414	1.2804106347062
0.415	1.2797619421495
0.416	1.2791140549403
0.417	1.2784669714747
0.418	1.2778206901530
0.419	1.2771752093801
0.420	1.2765305275650
0.421	1.2758866431213
0.422	1.2752435544666
0.423	1.2746012600231
0.424	1.2739597582172
0.425	1.2733190474795
0.426	1.2726791262450
0.427	1.2720399929529
0.428	1.2714016460465
0.429	1.2707640839735
0.430	1.2701273051858
0.431	1.2694913081394
0.432	1.2688560912944
0.433	1.2682216531154
0.434	1.2675879920707
0.435	1.2669551066331
0.436	1.2663229952793
0.437	1.2656916564902
0.438	1.2650610887508
0.439	1.2644312905502
0.440	1.2638022603814
0.441	1.2631739967416
0.442	1.2625464981322
0.443	1.2619197630581
0.444	1.2612937900288
0.445	1.2606685775574
0.446	1.2600441241612
0.447	1.2594204283613
0.448	1.2587974886830
0.449	1.2581753036551
0.450	1.2575538718109
0.451	1.2569331916871
0.452	1.2563132618247
0.453	1.2556940807683
0.454	1.2550756470665
0.455	1.2544579592719
0.456	1.2538410159406
0.457	1.2532248156328
0.458	1.2526093569125
0.459	1.2519946383475
0.460	1.2513806585093
0.461	1.2507674159732
0.462	1.2501549093185
0.463	1.2495431371280
0.464	1.2489320979882
0.465	1.2483217904897
0.466	1.2477122132265
0.467	1.2471033647963
0.468	1.2464952438007
0.469	1.2458878488449
0.470	1.2452811785377
0.471	1.2446752314916
0.472	1.2440700063228
0.473	1.2434655016510
0.474	1.2428617160998
0.475	1.2422586482961
0.476	1.2416562968705
0.477	1.2410546604574
0.478	1.2404537376944
0.479	1.2398535272229
0.480	1.2392540276879
0.481	1.2386552377378
0.482	1.2380571560245
0.483	1.2374597812036
0.484	1.2368631119341
0.485	1.2362671468785
0.486	1.2356718847026
0.487	1.2350773240761
0.488	1.2344834636717
0.489	1.2338903021659
0.490	1.2332978382384
0.491	1.2327060705725
0.492	1.2321149978547
0.493	1.2315246187752
0.494	1.2309349320272
0.495	1.2303459363077
0.496	1.2297576303168
0.497	1.2291700127580
0.498	1.2285830823382
0.499	1.2279968377677
0.500	1.2274112777598
0.501	1.2268264010316
0.502	1.2262422063032
0.503	1.2256586922979
0.504	1.2250758577426
0.505	1.2244937013673
0.506	1.2239122219051
0.507	1.2233314180926
0.508	1.2227512886696
0.509	1.2221718323791
0.510	1.2215930479672
0.511	1.2210149341833
0.512	1.2204374897801
0.513	1.2198607135133
0.514	1.2192846041419
0.515	1.2187091604281
0.516	1.2181343811371
0.517	1.2175602650374
0.518	1.2169868109005
0.519	1.2164140175011
0.520	1.2158418836171
0.521	1.2152704080294
0.522	1.2146995895219
0.523	1.2141294268819
0.524	1.2135599188993
0.525	1.2129910643676
0.526	1.2124228620830
0.527	1.2118553108449
0.528	1.2112884094555
0.529	1.2107221567204
0.530	1.2101565514480
0.531	1.2095915924496
0.532	1.2090272785398
0.533	1.2084636085358
0.534	1.2079005812582
0.535	1.2073381955303
0.536	1.2067764501785
0.537	1.2062153440319
0.538	1.2056548759228
0.539	1.2050950446863
0.540	1.2045358491606
0.541	1.2039772881866
0.542	1.2034193606081
0.543	1.2028620652720
0.544	1.2023054010279
0.545	1.2017493667284
0.546	1.2011939612288
0.547	1.2006391833875
0.548	1.2000850320655
0.549	1.1995315061268
0.550	1.1989786044382
0.551	1.1984263258692
0.552	1.1978746692923
0.553	1.1973236335828
0.554	1.1967732176185
0.555	1.1962234202804
0.556	1.1956742404520
0.557	1.1951256770196
0.558	1.1945777288724
0.559	1.1940303949022
0.560	1.1934836740036
0.561	1.1929375650739
0.562	1.1923920670132
0.563	1.1918471787244
0.564	1.1913028991128
0.565	1.1907592270866
0.566	1.1902161615568
0.567	1.1896737014368
0.568	1.1891318456430
0.569	1.1885905930942
0.570	1.1880499427119
0.571	1.1875098934205
0.572	1.1869704441467
0.573	1.1864315938200
0.574	1.1858933413725
0.575	1.1853556857389
0.576	1.1848186258567
0.577	1.1842821606656
0.578	1.1837462891083
0.579	1.1832110101298
0.580	1.1826763226778
0.581	1.1821422257027
0.582	1.1816087181571
0.583	1.1810757989965
0.584	1.1805434671788
0.585	1.1800117216644
0.586	1.1794805614163
0.587	1.1789499854000
0.588	1.1784199925835
0.589	1.1778905819373
0.590	1.1773617524345
0.591	1.1768335030506
0.592	1.1763058327635
0.593	1.1757787405537
0.594	1.1752522254041
0.595	1.1747262863002
0.596	1.1742009222297
0.597	1.1736761321830
0.598	1.1731519151527
0.599	1.1726282701341
0.600	1.1721051961247
0.601	1.1715826921245
0.602	1.1710607571359
0.603	1.1705393901637
0.604	1.1700185902151
0.605	1.1694983562996
0.606	1.1689786874293
0.607	1.1684595826184
0.608	1.1679410408836
0.609	1.1674230612440
0.610	1.1669056427210
0.611	1.1663887843383
0.612	1.1658724851220
0.613	1.1653567441004
0.614	1.1648415603044
0.615	1.1643269327669
0.616	1.1638128605232
0.617	1.1632993426111
0.618	1.1627863780705
0.619	1.1622739659435
0.620	1.1617621052748
0.621	1.1612507951109
0.622	1.1607400345011
0.623	1.1602298224965
0.624	1.1597201581508
0.625	1.1592110405197
0.626	1.1587024686612
0.627	1.1581944416357
0.628	1.1576869585056
0.629	1.1571800183356
0.630	1.1566736201926
0.631	1.1561677631458
0.632	1.1556624462664
0.633	1.1551576686280
0.634	1.1546534293063
0.635	1.1541497273791
0.636	1.1536465619265
0.637	1.1531439320308
0.638	1.1526418367762
0.639	1.1521402752493
0.640	1.1516392465387
0.641	1.1511387497354
0.642	1.1506387839322
0.643	1.1501393482241
0.644	1.1496404417085
0.645	1.1491420634845
0.646	1.1486442126536
0.647	1.1481468883193
0.648	1.1476500895872
0.649	1.1471538155651
0.650	1.1466580653626
0.651	1.1461628380917
0.652	1.1456681328663
0.653	1.1451739488024
0.654	1.1446802850180
0.655	1.1441871406332
0.656	1.1436945147702
0.657	1.1432024065532
0.658	1.1427108151084
0.659	1.1422197395640
0.660	1.1417291790504
0.661	1.1412391326998
0.662	1.1407495996466
0.663	1.1402605790270
0.664	1.1397720699793
0.665	1.1392840716438
0.666	1.1387965831629
0.667	1.1383096036808
0.668	1.1378231323438
0.669	1.1373371683000
0.670	1.1368517106996
0.671	1.1363667586948
0.672	1.1358823114396
0.673	1.1353983680901
0.674	1.1349149278042
0.675	1.1344319897419
0.676	1.1339495530651
0.677	1.1334676169373
0.678	1.1329861805244
0.679	1.1325052429940
0.680	1.1320248035155
0.681	1.1315448612603
0.682	1.1310654154017
0.683	1.1305864651150
0.684	1.1301080095772
0.685	1.1296300479672
0.686	1.1291525794659
0.687	1.1286756032559
0.688	1.1281991185219
0.689	1.1277231244502
0.690	1.1272476202292
0.691	1.1267726050489
0.692	1.1262980781012
0.693	1.1258240385801
0.694	1.1253504856810
0.695	1.1248774186016
0.696	1.1244048365409
0.697	1.1239327387002
0.698	1.1234611242823
0.699	1.1229899924919
0.700	1.1225193425356
0.701	1.1220491736215
0.702	1.1215794849599
0.703	1.1211102757626
0.704	1.1206415452432
0.705	1.1201732926171
0.706	1.1197055171017
0.707	1.1192382179157
0.708	1.1187713942799
0.709	1.1183050454169
0.710	1.1178391705507
0.711	1.1173737689074
0.712	1.1169088397148
0.713	1.1164443822021
0.714	1.1159803956006
0.715	1.1155168791432
0.716	1.1150538320644
0.717	1.1145912536007
0.718	1.1141291429900
0.719	1.1136674994720
0.720	1.1132063222883
0.721	1.1127456106819
0.722	1.1122853638976
0.723	1.1118255811820
0.724	1.1113662617833
0.725	1.1109074049512
0.726	1.1104490099374
0.727	1.1099910759951
0.728	1.1095336023790
0.729	1.1090765883458
0.730	1.1086200331535
0.731	1.1081639360621
0.732	1.1077082963329
0.733	1.1072531132291
0.734	1.1067983860154
0.735	1.1063441139581
0.736	1.1058902963253
0.737	1.1054369323865
0.738	1.1049840214130
0.739	1.1045315626776
0.740	1.1040795554547
0.741	1.1036279990204
0.742	1.1031768926523
0.743	1.1027262356297
0.744	1.1022760272333
0.745	1.1018262667456
0.746	1.1013769534505
0.747	1.1009280866335
0.748	1.1004796655819
0.749	1.1000316895844
0.750	1.0995841579310
0.751	1.0991370699138
0.752	1.0986904248260
0.753	1.0982442219625
0.754	1.0977984606199
0.755	1.0973531400960
0.756	1.0969082596906
0.757	1.0964638187045
0.758	1.0960198164404
0.759	1.0955762522024
0.760	1.0951331252962
0.761	1.0946904350289
0.762	1.0942481807091
0.763	1.0938063616471
0.764	1.0933649771545
0.765	1.0929240265444
0.766	1.0924835091315
0.767	1.0920434242321
0.768	1.0916037711636
0.769	1.0911645492453
0.770	1.0907257577976
0.771	1.0902873961428
0.772	1.0898494636043
0.773	1.0894119595071
0.774	1.0889748831777
0.775	1.0885382339441
0.776	1.0881020111355
0.777	1.0876662140828
0.778	1.0872308421183
0.779	1.0867958945757
0.780	1.0863613707901
0.781	1.0859272700982
0.782	1.0854935918379
0.783	1.0850603353486
0.784	1.0846274999712
0.785	1.0841950850481
0.786	1.0837630899228
0.787	1.0833315139405
0.788	1.0829003564477
0.789	1.0824696167923
0.790	1.0820392943235
0.791	1.0816093883922
0.792	1.0811798983504
0.793	1.0807508235515
0.794	1.0803221633505
0.795	1.0798939171035
0.796	1.0794660841682
0.797	1.0790386639036
0.798	1.0786116556700
0.799	1.0781850588291
0.800	1.0777588727441
0.801	1.0773330967794
0.802	1.0769077303007
0.803	1.0764827726753
0.804	1.0760582232715
0.805	1.0756340814593
0.806	1.0752103466098
0.807	1.0747870180955
0.808	1.0743640952903
0.809	1.0739415775692
0.810	1.0735194643089
0.811	1.0730977548871
0.812	1.0726764486830
0.813	1.0722555450769
0.814	1.0718350434507
0.815	1.0714149431874
0.816	1.0709952436713
0.817	1.0705759442882
0.818	1.0701570444250
0.819	1.0697385434700
0.820	1.0693204408126
0.821	1.0689027358438
0.822	1.0684854279555
0.823	1.0680685165414
0.824	1.0676520009959
0.825	1.0672358807150
0.826	1.0668201550959
0.827	1.0664048235372
0.828	1.0659898854385
0.829	1.0655753402008
0.830	1.0651611872264
0.831	1.0647474259188
0.832	1.0643340556828
0.833	1.0639210759242
0.834	1.0635084860505
0.835	1.0630962854699
0.836	1.0626844735924
0.837	1.0622730498287
0.838	1.0618620135911
0.839	1.0614513642929
0.840	1.0610411013488
0.841	1.0606312241747
0.842	1.0602217321875
0.843	1.0598126248056
0.844	1.0594039014484
0.845	1.0589955615367
0.846	1.0585876044922
0.847	1.0581800297381
0.848	1.0577728366987
0.849	1.0573660247994
0.850	1.0569595934670
0.851	1.0565535421292
0.852	1.0561478702151
0.853	1.0557425771550
0.854	1.0553376623802
0.855	1.0549331253233
0.856	1.0545289654181
0.857	1.0541251820994
0.858	1.0537217748034
0.859	1.0533187429672
0.860	1.0529160860294
0.861	1.0525138034294
0.862	1.0521118946080
0.863	1.0517103590070
0.864	1.0513091960694
0.865	1.0509084052395
0.866	1.0505079859624
0.867	1.0501079376846
0.868	1.0497082598538
0.869	1.0493089519185
0.870	1.0489100133287
0.871	1.0485114435353
0.872	1.0481132419903
0.873	1.0477154081470
0.874	1.0473179414597
0.875	1.0469208413839
0.876	1.0465241073761
0.877	1.0461277388939
0.878	1.0457317353961
0.879	1.0453360963426
0.880	1.0449408211943
0.881	1.0445459094134
0.882	1.0441513604629
0.883	1.0437571738072
0.884	1.0433633489116
0.885	1.0429698852424
0.886	1.0425767822673
0.887	1.0421840394548
0.888	1.0417916562746
0.889	1.0413996321974
0.890	1.0410079666951
0.891	1.0406166592405
0.892	1.0402257093076
0.893	1.0398351163714
0.894	1.0394448799081
0.895	1.0390549993947
0.896	1.0386654743094
0.897	1.0382763041316
0.898	1.0378874883414
0.899	1.0374990264203
0.900	1.0371109178506
0.901	1.0367231621158
0.902	1.0363357587004
0.903	1.0359487070898
0.904	1.0355620067706
0.905	1.0351756572305
0.906	1.0347896579580
0.907	1.0344040084427
0.908	1.0340187081753
0.909	1.0336337566475
0.910	1.0332491533521
0.911	1.0328648977826
0.912	1.0324809894339
0.913	1.0320974278016
0.914	1.0317142123826
0.915	1.0313313426746
0.916	1.0309488181764
0.917	1.0305666383877
0.918	1.0301848028092
0.919	1.0298033109428
0.920	1.0294221622912
0.921	1.0290413563581
0.922	1.0286608926482
0.923	1.0282807706673
0.924	1.0279009899221
0.925	1.0275215499202
0.926	1.0271424501703
0.927	1.0267636901820
0.928	1.0263852694660
0.929	1.0260071875337
0.930	1.0256294438978
0.931	1.0252520380718
0.932	1.0248749695701
0.933	1.0244982379082
0.934	1.0241218426024
0.935	1.0237457831701
0.936	1.0233700591297
0.937	1.0229946700003
0.938	1.0226196153022
0.939	1.0222448945565
0.940	1.0218705072854
0.941	1.0214964530118
0.942	1.0211227312597
0.943	1.0207493415541
0.944	1.0203762834207
0.945	1.0200035563865
0.946	1.0196311599790
0.947	1.0192590937270
0.948	1.0188873571600
0.949	1.0185159498084
0.950	1.0181448712037
0.951	1.0177741208783
0.952	1.0174036983653
0.953	1.0170336031990
0.954	1.0166638349143
0.955	1.0162943930473
0.956	1.0159252771349
0.957	1.0155564867148
0.958	1.0151880213258
0.959	1.0148198805074
0.960	1.0144520638002
0.961	1.0140845707455
0.962	1.0137174008856
0.963	1.0133505537637
0.964	1.0129840289238
0.965	1.0126178259109
0.966	1.0122519442709
0.967	1.0118863835505
0.968	1.0115211432972
0.969	1.0111562230595
0.970	1.0107916223869
0.971	1.0104273408295
0.972	1.0100633779384
0.973	1.0096997332656
0.974	1.0093364063639
0.975	1.0089733967871
0.976	1.0086107040897
0.977	1.0082483278272
0.978	1.0078862675557
0.979	1.0075245228326
0.980	1.0071630932157
0.981	1.0068019782640
0.982	1.0064411775371
0.983	1.0060806905956
0.984	1.0057205170008
0.985	1.0053606563151
0.986	1.0050011081016
0.987	1.0046418719240
0.988	1.0042829473473
0.989	1.0039243339370
0.990	1.0035660312595
0.991	1.0032080388822
0.992	1.0028503563731
0.993	1.0024929833011
0.994	1.0021359192360
0.995	1.0017791637484
0.996	1.0014227164096
0.997	1.0010665767920
0.998	1.0007107444684
0.999	1.0003552190129
1.000	1.0000000000000
1.001	0.9996450870052
1.002	0.9992904796049
1.003	0.9989361773760
1.004	0.9985821798966
1.005	0.9982284867453
1.006	0.9978750975017
1.007	0.9975220117460
1.008	0.9971692290593
1.009	0.9968167490236
1.010	0.9964645712216
1.011	0.9961126952368
1.012	0.9957611206534
1.013	0.9954098470565
1.014	0.9950588740320
1.015	0.9947082011665
1.016	0.9943578280475
1.017	0.9940077542632
1.018	0.9936579794025
1.019	0.9933085030552
1.020	0.9929593248119
1.021	0.9926104442638
1.022	0.9922618610032
1.023	0.9919135746227
1.024	0.9915655847161
1.025	0.9912178908778
1.026	0.9908704927028
1.027	0.9905233897872
1.028	0.9901765817276
1.029	0.9898300681214
1.030	0.9894838485669
1.031	0.9891379226629
1.032	0.9887922900093
1.033	0.9884469502064
1.034	0.9881019028555
1.035	0.9877571475585
1.036	0.9874126839182
1.037	0.9870685115379
1.038	0.9867246300218
1.039	0.9863810389750
1.040	0.9860377380031
1.041	0.9856947267124
1.042	0.9853520047101
1.043	0.9850095716042
1.044	0.9846674270031
1.045	0.9843255705163
1.046	0.9839840017538
1.047	0.9836427203265
1.048	0.9833017258457
1.049	0.9829610179239
1.050	0.9826205961739
1.051	0.9822804602095
1.052	0.9819406096450
1.053	0.9816010440957
1.054	0.9812617631772
1.055	0.9809227665062
1.056	0.9805840536999
1.057	0.9802456243763
1.058	0.9799074781542
1.059	0.9795696146528
1.060	0.9792320334923
1.061	0.9788947342935
1.062	0.9785577166778
1.063	0.9782209802675
1.064	0.9778845246856
1.065	0.9775483495554
1.066	0.9772124545015
1.067	0.9768768391487
1.068	0.9765415031227
1.069	0.9762064460499
1.070	0.9758716675573
1.071	0.9755371672728
1.072	0.9752029448246
1.073	0.9748689998420
1.074	0.9745353319547
1.075	0.9742019407933
1.076	0.9738688259887
1.077	0.9735359871730
1.078	0.9732034239785
1.079	0.9728711360385
1.080	0.9725391229868
1.081	0.9722073844580
1.082	0.9718759200873
1.083	0.9715447295104
1.084	0.9712138123640
1.085	0.9708831682852
1.086	0.9705527969119
1.087	0.9702226978826
1.088	0.9698928708365
1.089	0.9695633154135
1.090	0.9692340312539
1.091	0.9689050179991
1.092	0.9685762752907
1.093	0.9682478027713
1.094	0.9679196000839
1.095	0.9675916668723
1.096	0.9672640027810
1.097	0.9669366074549
1.098	0.9666094805398
1.099	0.9662826216820
1.100	0.9659560305286
1.101	0.9656297067270
1.102	0.9653036499256
1.103	0.9649778597734
1.104	0.9646523359197
1.105	0.9643270780149
1.106	0.9640020857097
1.107	0.9636773586555
1.108	0.9633528965045
1.109	0.9630286989093
1.110	0.9627047655232
1.111	0.9623810960003
1.112	0.9620576899950
1.113	0.9617345471626
1.114	0.9614116671589
1.115	0.9610890496403
1.116	0.9607666942639
1.117	0.9604446006874
1.118	0.9601227685691
1.119	0.9598011975679
1.120	0.9594798873433
1.121	0.9591588375554
1.122	0.9588380478650
1.123	0.9585175179334
1.124	0.9581972474226
1.125	0.9578772359952
1.126	0.9575574833144
1.127	0.9572379890438
1.128	0.9569187528480
1.129	0.9565997743918
1.130	0.9562810533409
1.131	0.9559625893614
1.132	0.9556443821201
1.133	0.9553264312844
1.134	0.9550087365222
1.135	0.9546912975021
1.136	0.9543741138932
1.137	0.9540571853653
1.138	0.9537405115887
1.139	0.9534240922344
1.140	0.9531079269737
1.141	0.9527920154788
1.142	0.9524763574224
1.143	0.9521609524776
1.144	0.9518458003184
1.145	0.9515309006192
1.146	0.9512162530548
1.147	0.9509018573010
1.148	0.9505877130338
1.149	0.9502738199299
1.150	0.9499601776666
1.151	0.9496467859219
1.152	0.9493336443740
1.153	0.9490207527020
1.154	0.9487081105855
1.155	0.9483957177046
1.156	0.9480835737400
1.157	0.9477716783730
1.158	0.9474600312853
1.159	0.9471486321593
1.160	0.9468374806781
1.161	0.9465265765251
1.162	0.9462159193843
1.163	0.9459055089404
1.164	0.9455953448785
1.165	0.9452854268844
1.166	0.9449757546443
1.167	0.9446663278451
1.168	0.9443571461742
1.169	0.9440482093194
1.170	0.9437395169693
1.171	0.9434310688129
1.172	0.9431228645396
1.173	0.9428149038398
1.174	0.9425071864039
1.175	0.9421997119233
1.176	0.9418924800895
1.177	0.9415854905950
1.178	0.9412787431325
1.179	0.9409722373954
1.180	0.9406659730775
1.181	0.9403599498732
1.182	0.9400541674776
1.183	0.9397486255861
1.184	0.9394433238947
1.185	0.9391382621000
1.186	0.9388334398990
1.187	0.9385288569893
1.188	0.9382245130692
1.189	0.9379204078371
1.190	0.9376165409923
1.191	0.9373129122344
1.192	0.9370095212638
1.193	0.9367063677812
1.194	0.9364034514877
1.195	0.9361007720852
1.196	0.9357983292760
1.197	0.9354961227628
1.198	0.9351941522491
1.199	0.9348924174386
1.200	0.9345909180356
1.201	0.9342896537452
1.202	0.9339886242725
1.203	0.9336878293236
1.204	0.9333872686047
1.205	0.9330869418228
1.206	0.9327868486853
1.207	0.9324869889001
1.208	0.9321873621756
1.209	0.9318879682207
1.210	0.9315888067448
1.211	0.9312898774578
1.212	0.9309911800702
1.213	0.9306927142928
1.214	0.9303944798370
1.215	0.9300964764148
1.216	0.9297987037386
1.217	0.9295011615211
1.218	0.9292038494759
1.219	0.9289067673168
1.220	0.9286099147582
1.221	0.9283132915148
1.222	0.9280168973021
1.223	0.9277207318359
1.224	0.9274247948324
1.225	0.9271290860085
1.226	0.9268336050815
1.227	0.9265383517692
1.228	0.9262433257897
1.229	0.9259485268618
1.230	0.9256539547047
1.231	0.9253596090382
1.232	0.9250654895823
1.233	0.9247715960577
1.234	0.9244779281856
1.235	0.9241844856875
1.236	0.9238912682854
1.237	0.9235982757020
1.238	0.9233055076602
1.239	0.9230129638835
1.240	0.9227206440959
1.241	0.9224285480218
1.242	0.9221366753860
1.243	0.9218450259139
1.244	0.9215535993314
1.245	0.9212623953646
1.246	0.9209714137404
1.247	0.9206806541860
1.248	0.9203901164290
1.249	0.9200998001976
1.250	0.9198097052203
1.251	0.9195198312262
1.252	0.9192301779448
1.253	0.9189407451061
1.254	0.9186515324404
1.255	0.9183625396787
1.256	0.9180737665522
1.257	0.9177852127928
1.258	0.9174968781327
1.259	0.9172087623045
1.260	0.9169208650414
1.261	0.9166331860770
1.262	0.9163457251452
1.263	0.9160584819806
1.264	0.9157714563181
1.265	0.9154846478930
1.266	0.9151980564411
1.267	0.9149116816988
1.268	0.9146255234026
1.269	0.9143395812898
1.270	0.9140538550978
1.271	0.9137683445647
1.272	0.9134830494290
1.273	0.9131979694295
1.274	0.9129131043056
1.275	0.9126284537970
1.276	0.9123440176439
1.277	0.9120597955870
1.278	0.9117757873673
1.279	0.9114919927262
1.280	0.9112084114058
1.281	0.9109250431484
1.282	0.9106418876967
1.283	0.9103589447940
1.284	0.9100762141838
1.285	0.9097936956104
1.286	0.9095113888181
1.287	0.9092292935518
1.288	0.9089474095570
1.289	0.9086657365794
1.290	0.9083842743650
1.291	0.9081030226607
1.292	0.9078219812133
1.293	0.9075411497703
1.294	0.9072605280796
1.295	0.9069801158895
1.296	0.9066999129486
1.297	0.9064199190060
1.298	0.9061401338114
1.299	0.9058605571145
1.300	0.9055811886659
1.301	0.9053020282161
1.302	0.9050230755165
1.303	0.9047443303186
1.304	0.9044657923744
1.305	0.9041874614362
1.306	0.9039093372570
1.307	0.9036314195899
1.308	0.9033537081885
1.309	0.9030762028070
1.310	0.9027989031996
1.311	0.9025218091213
1.312	0.9022449203273
1.313	0.9019682365732
1.314	0.9016917576151
1.315	0.9014154832094
1.316	0.9011394131130
1.317	0.9008635470831
1.318	0.9005878848773
1.319	0.9003124262537
1.320	0.9000371709708
1.321	0.8997621187873
1.322	0.8994872694624
1.323	0.8992126227558
1.324	0.8989381784276
1.325	0.8986639362380
1.326	0.8983898959479
1.327	0.8981160573184
1.328	0.8978424201112
1.329	0.8975689840882
1.330	0.8972957490118
1.331	0.8970227146446
1.332	0.8967498807498
1.333	0.8964772470909
1.334	0.8962048134318
1.335	0.8959325795368
1.336	0.8956605451705
1.337	0.8953887100980
1.338	0.8951170740847
1.339	0.8948456368964
1.340	0.8945743982993
1.341	0.8943033580600
1.342	0.8940325159453
1.343	0.8937618717226
1.344	0.8934914251596
1.345	0.8932211760244
1.346	0.8929511240854
1.347	0.8926812691114
1.348	0.8924116108717
1.349	0.8921421491358
1.350	0.8918728836736
1.351	0.8916038142554
1.352	0.8913349406520
1.353	0.8910662626344
1.354	0.8907977799740
1.355	0.8905294924426
1.356	0.8902613998123
1.357	0.8899935018557
1.358	0.8897257983457
1.359	0.8894582890554
1.360	0.8891909737587
1.361	0.8889238522293
1.362	0.8886569242417
1.363	0.8883901895706
1.364	0.8881236479910
1.365	0.8878572992784
1.366	0.8875911432086
1.367	0.8873251795577
1.368	0.8870594081023
1.369	0.8867938286191
1.370	0.8865284408855
1.371	0.8862632446789
1.372	0.8859982397775
1.373	0.8857334259593
1.374	0.8854688030031
1.375	0.8852043706880
1.376	0.8849401287931
1.377	0.8846760770983
1.378	0.8844122153836
1.379	0.8841485434294
1.380	0.8838850610165
1.381	0.8836217679259
1.382	0.8833586639391
1.383	0.8830957488380
1.384	0.8828330224047
1.385	0.8825704844216
1.386	0.8823081346717
1.387	0.8820459729380
1.388	0.8817839990042
1.389	0.8815222126541
1.390	0.8812606136720
1.391	0.8809992018423
1.392	0.8807379769501
1.393	0.8804769387805
1.394	0.8802160871191
1.395	0.8799554217518
1.396	0.8796949424650
1.397	0.8794346490451
1.398	0.8791745412793
1.399	0.8789146189546
1.400	0.8786548818588
1.401	0.8783953297797
1.402	0.8781359625058
1.403	0.8778767798255
1.404	0.8776177815278
1.405	0.8773589674020
1.406	0.8771003372378
1.407	0.8768418908250
1.408	0.8765836279540
1.409	0.8763255484153
1.410	0.8760676519999
1.411	0.8758099384990
1.412	0.8755524077043
1.413	0.8752950594077
1.414	0.8750378934013
1.415	0.8747809094778
1.416	0.8745241074301
1.417	0.8742674870514
1.418	0.8740110481353
1.419	0.8737547904756
1.420	0.8734987138664
1.421	0.8732428181025
1.422	0.8729871029784
1.423	0.8727315682895
1.424	0.8724762138312
1.425	0.8722210393993
1.426	0.8719660447900
1.427	0.8717112297996
1.428	0.8714565942248
1.429	0.8712021378629
1.430	0.8709478605112
1.431	0.8706937619673
1.432	0.8704398420293
1.433	0.8701861004955
1.434	0.8699325371646
1.435	0.8696791518355
1.436	0.8694259443076
1.437	0.8691729143803
1.438	0.8689200618536
1.439	0.8686673865278
1.440	0.8684148882032
1.441	0.8681625666808
1.442	0.8679104217617
1.443	0.8676584532473
1.444	0.8674066609394
1.445	0.8671550446400
1.446	0.8669036041515
1.447	0.8666523392767
1.448	0.8664012498183
1.449	0.8661503355799
1.450	0.8658995963649
1.451	0.8656490319772
1.452	0.8653986422210
1.453	0.8651484269009
1.454	0.8648983858216
1.455	0.8646485187882
1.456	0.8643988256061
1.457	0.8641493060810
1.458	0.8638999600190
1.459	0.8636507872263
1.460	0.8634017875096
1.461	0.8631529606756
1.462	0.8629043065317
1.463	0.8626558248852
1.464	0.8624075155441
1.465	0.8621593783163
1.466	0.8619114130103
1.467	0.8616636194346
1.468	0.8614159973984
1.469	0.8611685467108
1.470	0.8609212671814
1.471	0.8606741586200
1.472	0.8604272208367
1.473	0.8601804536421
1.474	0.8599338568467
1.475	0.8596874302616
1.476	0.8594411736982
1.477	0.8591950869679
1.478	0.8589491698826
1.479	0.8587034222545
1.480	0.8584578438961
1.481	0.8582124346201
1.482	0.8579671942394
1.483	0.8577221225674
1.484	0.8574772194177
1.485	0.8572324846041
1.486	0.8569879179408
1.487	0.8567435192423
1.488	0.8564992883232
1.489	0.8562552249985
1.490	0.8560113290836
1.491	0.8557676003939
1.492	0.8555240387454
1.493	0.8552806439542
1.494	0.8550374158366
1.495	0.8547943542093
1.496	0.8545514588894
1.497	0.8543087296939
1.498	0.8540661664405
1.499	0.8538237689470
1.500	0.8535815370313
1.501	0.8533394705119
1.502	0.8530975692073
1.503	0.8528558329365
1.504	0.8526142615186
1.505	0.8523728547730
1.506	0.8521316125195
1.507	0.8518905345780
1.508	0.8516496207688
1.509	0.8514088709124
1.510	0.8511682848297
1.511	0.8509278623416
1.512	0.8506876032695
1.513	0.8504475074350
1.514	0.8502075746600
1.515	0.8499678047667
1.516	0.8497281975774
1.517	0.8494887529148
1.518	0.8492494706018
1.519	0.8490103504617
1.520	0.8487713923180
1.521	0.8485325959944
1.522	0.8482939613148
1.523	0.8480554881036
1.524	0.8478171761852
1.525	0.8475790253845
1.526	0.8473410355266
1.527	0.8471032064367
1.528	0.8468655379404
1.529	0.8466280298637
1.530	0.8463906820324
1.531	0.8461534942732
1.532	0.8459164664124
1.533	0.8456795982771
1.534	0.8454428896944
1.535	0.8452063404917
1.536	0.8449699504965
1.537	0.8447337195370
1.538	0.8444976474411
1.539	0.8442617340373
1.540	0.8440259791544
1.541	0.8437903826212
1.542	0.8435549442669
1.543	0.8433196639210
1.544	0.8430845414132
1.545	0.8428495765734
1.546	0.8426147692318
1.547	0.8423801192189
1.548	0.8421456263654
1.549	0.8419112905022
1.550	0.8416771114606
1.551	0.8414430890720
1.552	0.8412092231681
1.553	0.8409755135810
1.554	0.8407419601426
1.555	0.8405085626857
1.556	0.8402753210428
1.557	0.8400422350469
1.558	0.8398093045312
1.559	0.8395765293291
1.560	0.8393439092744
1.561	0.8391114442009
1.562	0.8388791339429
1.563	0.8386469783348
1.564	0.8384149772112
1.565	0.8381831304071
1.566	0.8379514377576
1.567	0.8377198990981
1.568	0.8374885142643
1.569	0.8372572830920
1.570	0.8370262054175
1.571	0.8367952810769
1.572	0.8365645099071
1.573	0.8363338917447
1.574	0.8361034264269
1.575	0.8358731137910
1.576	0.8356429536747
1.577	0.8354129459156
1.578	0.8351830903518
1.579	0.8349533868217
1.580	0.8347238351637
1.581	0.8344944352165
1.582	0.8342651868193
1.583	0.8340360898111
1.584	0.8338071440315
1.585	0.8335783493201
1.586	0.8333497055170
1.587	0.8331212124622
1.588	0.8328928699961
1.589	0.8326646779594
1.590	0.8324366361930
1.591	0.8322087445378
1.592	0.8319810028354
1.593	0.8317534109271
1.594	0.8315259686549
1.595	0.8312986758607
1.596	0.8310715323868
1.597	0.8308445380757
1.598	0.8306176927700
1.599	0.8303909963127
1.600	0.8301644485470
1.601	0.8299380493163
1.602	0.8297117984641
1.603	0.8294856958344
1.604	0.8292597412712
1.605	0.8290339346188
1.606	0.8288082757218
1.607	0.8285827644248
1.608	0.8283574005729
1.609	0.8281321840113
1.610	0.8279071145854
1.611	0.8276821921409
1.612	0.8274574165235
1.613	0.8272327875795
1.614	0.8270083051552
1.615	0.8267839690970
1.616	0.8265597792517
1.617	0.8263357354664
1.618	0.8261118375882
1.619	0.8258880854646
1.620	0.8256644789432
1.621	0.8254410178719
1.622	0.8252177020987
1.623	0.8249945314719
1.624	0.8247715058402
1.625	0.8245486250522
1.626	0.8243258889568
1.627	0.8241032974033
1.628	0.8238808502411
1.629	0.8236585473197
1.630	0.8234363884890
1.631	0.8232143735990
1.632	0.8229925024999
1.633	0.8227707750424
1.634	0.8225491910769
1.635	0.8223277504545
1.636	0.8221064530262
1.637	0.8218852986434
1.638	0.8216642871576
1.639	0.8214434184205
1.640	0.8212226922842
1.641	0.8210021086008
1.642	0.8207816672226
1.643	0.8205613680024
1.644	0.8203412107928
1.645	0.8201211954469
1.646	0.8199013218179
1.647	0.8196815897594
1.648	0.8194619991248
1.649	0.8192425497682
1.650	0.8190232415434
1.651	0.8188040743049
1.652	0.8185850479071
1.653	0.8183661622046
1.654	0.8181474170524
1.655	0.8179288123056
1.656	0.8177103478195
1.657	0.8174920234496
1.658	0.8172738390515
1.659	0.8170557944813
1.660	0.8168378895951
1.661	0.8166201242491
1.662	0.8164024983000
1.663	0.8161850116044
1.664	0.8159676640193
1.665	0.8157504554019
1.666	0.8155333856094
1.667	0.8153164544995
1.668	0.8150996619299
1.669	0.8148830077585
1.670	0.8146664918435
1.671	0.8144501140432
1.672	0.8142338742163
1.673	0.8140177722214
1.674	0.8138018079175
1.675	0.8135859811637
1.676	0.8133702918195
1.677	0.8131547397443
1.678	0.8129393247979
1.679	0.8127240468403
1.680	0.8125089057315
1.681	0.8122939013320
1.682	0.8120790335022
1.683	0.8118643021029
1.684	0.8116497069950
1.685	0.8114352480397
1.686	0.8112209250982
1.687	0.8110067380321
1.688	0.8107926867031
1.689	0.8105787709730
1.690	0.8103649907040
1.691	0.8101513457584
1.692	0.8099378359987
1.693	0.8097244612874
1.694	0.8095112214876
1.695	0.8092981164621
1.696	0.8090851460744
1.697	0.8088723101879
1.698	0.8086596086661
1.699	0.8084470413729
1.700	0.8082346081723
1.701	0.8080223089285
1.702	0.8078101435059
1.703	0.8075981117692
1.704	0.8073862135830
1.705	0.8071744488123
1.706	0.8069628173223
1.707	0.8067513189784
1.708	0.8065399536460
1.709	0.8063287211908
1.710	0.8061176214788
1.711	0.8059066543760
1.712	0.8056958197488
1.713	0.8054851174635
1.714	0.8052745473869
1.715	0.8050641093857
1.716	0.8048538033269
1.717	0.8046436290779
1.718	0.8044335865058
1.719	0.8042236754784
1.720	0.8040138958634
1.721	0.8038042475287
1.722	0.8035947303424
1.723	0.8033853441728
1.724	0.8031760888884
1.725	0.8029669643580
1.726	0.8027579704502
1.727	0.8025491070342
1.728	0.8023403739791
1.729	0.8021317711544
1.730	0.8019232984297
1.731	0.8017149556746
1.732	0.8015067427591
1.733	0.8012986595533
1.734	0.8010907059276
1.735	0.8008828817523
1.736	0.8006751868981
1.737	0.8004676212359
1.738	0.8002601846367
1.739	0.8000528769716
1.740	0.7998456981120
1.741	0.7996386479295
1.742	0.7994317262957
1.743	0.7992249330825
1.744	0.7990182681621
1.745	0.7988117314066
1.746	0.7986053226885
1.747	0.7983990418803
1.748	0.7981928888548
1.749	0.7979868634851
1.750	0.7977809656441
1.751	0.7975751952052
1.752	0.7973695520418
1.753	0.7971640360276
1.754	0.7969586470363
1.755	0.7967533849421
1.756	0.7965482496190
1.757	0.7963432409413
1.758	0.7961383587836
1.759	0.7959336030205
1.760	0.7957289735268
1.761	0.7955244701777
1.762	0.7953200928482
1.763	0.7951158414137
1.764	0.7949117157498
1.765	0.7947077157321
1.766	0.7945038412364
1.767	0.7943000921390
1.768	0.7940964683158
1.769	0.7938929696434
1.770	0.7936895959982
1.771	0.7934863472570
1.772	0.7932832232966
1.773	0.7930802239941
1.774	0.7928773492266
1.775	0.7926745988716
1.776	0.7924719728066
1.777	0.7922694709093
1.778	0.7920670930575
1.779	0.7918648391294
1.780	0.7916627090031
1.781	0.7914607025570
1.782	0.7912588196697
1.783	0.7910570602197
1.784	0.7908554240861
1.785	0.7906539111478
1.786	0.7904525212840
1.787	0.7902512543741
1.788	0.7900501102976
1.789	0.7898490889342
1.790	0.7896481901637
1.791	0.7894474138661
1.792	0.7892467599216
1.793	0.7890462282105
1.794	0.7888458186134
1.795	0.7886455310108
1.796	0.7884453652836
1.797	0.7882453213128
1.798	0.7880453989794
1.799	0.7878455981649
1.800	0.7876459187506
1.801	0.7874463606182
1.802	0.7872469236494
1.803	0.7870476077262
1.804	0.7868484127306
1.805	0.7866493385449
1.806	0.7864503850516
1.807	0.7862515521331
1.808	0.7860528396723
1.809	0.7858542475519
1.810	0.7856557756551
1.811	0.7854574238650
1.812	0.7852591920650
1.813	0.7850610801385
1.814	0.7848630879693
1.815	0.7846652154412
1.816	0.7844674624381
1.817	0.7842698288442
1.818	0.7840723145437
1.819	0.7838749194211
1.820	0.7836776433610
1.821	0.7834804862482
1.822	0.7832834479675
1.823	0.7830865284040
1.824	0.7828897274429
1.825	0.7826930449696
1.826	0.7824964808696
1.827	0.7823000350285
1.828	0.7821037073322
1.829	0.7819074976666
1.830	0.7817114059180
1.831	0.7815154319724
1.832	0.7813195757165
1.833	0.7811238370367
1.834	0.7809282158197
1.835	0.7807327119526
1.836	0.7805373253222
1.837	0.7803420558158
1.838	0.7801469033208
1.839	0.7799518677245
1.840	0.7797569489146
1.841	0.7795621467789
1.842	0.7793674612053
1.843	0.7791728920819
1.844	0.7789784392969
1.845	0.7787841027387
1.846	0.7785898822958
1.847	0.7783957778569
1.848	0.7782017893107
1.849	0.7780079165463
1.850	0.7778141594528
1.851	0.7776205179194
1.852	0.7774269918354
1.853	0.7772335810906
1.854	0.7770402855744
1.855	0.7768471051769
1.856	0.7766540397879
1.857	0.7764610892976
1.858	0.7762682535963
1.859	0.7760755325744
1.860	0.7758829261224
1.861	0.7756904341310
1.862	0.7754980564912
1.863	0.7753057930939
1.864	0.7751136438302
1.865	0.7749216085914
1.866	0.7747296872689
1.867	0.7745378797544
1.868	0.7743461859394
1.869	0.7741546057159
1.870	0.7739631389759
1.871	0.7737717856114
1.872	0.7735805455148
1.873	0.7733894185785
1.874	0.7731984046950
1.875	0.7730075037570
1.876	0.7728167156574
1.877	0.7726260402892
1.878	0.7724354775454
1.879	0.7722450273193
1.880	0.7720546895044
1.881	0.7718644639941
1.882	0.7716743506821
1.883	0.7714843494623
1.884	0.7712944602286
1.885	0.7711046828751
1.886	0.7709150172960
1.887	0.7707254633857
1.888	0.7705360210387
1.889	0.7703466901497
1.890	0.7701574706134
1.891	0.7699683623247
1.892	0.7697793651787
1.893	0.7695904790707
1.894	0.7694017038958
1.895	0.7692130395496
1.896	0.7690244859277
1.897	0.7688360429258
1.898	0.7686477104398
1.899	0.7684594883657
1.900	0.7682713765997
1.901	0.7680833750379
1.902	0.7678954835769
1.903	0.7677077021131
1.904	0.7675200305433
1.905	0.7673324687642
1.906	0.7671450166729
1.907	0.7669576741663
1.908	0.7667704411417
1.909	0.7665833174965
1.910	0.7663963031281
1.911	0.7662093979341
1.912	0.7660226018123
1.913	0.7658359146605
1.914	0.7656493363768
1.915	0.7654628668594
1.916	0.7652765060063
1.917	0.7650902537162
1.918	0.7649041098875
1.919	0.7647180744188
1.920	0.7645321472090
1.921	0.7643463281570
1.922	0.7641606171619
1.923	0.7639750141228
1.924	0.7637895189390
1.925	0.7636041315100
1.926	0.7634188517354
1.927	0.7632336795149
1.928	0.7630486147483
1.929	0.7628636573355
1.930	0.7626788071767
1.931	0.7624940641720
1.932	0.7623094282219
1.933	0.7621248992268
1.934	0.7619404770872
1.935	0.7617561617040
1.936	0.7615719529780
1.937	0.7613878508101
1.938	0.7612038551014
1.939	0.7610199657533
1.940	0.7608361826671
1.941	0.7606525057442
1.942	0.7604689348862
1.943	0.7602854699950
1.944	0.7601021109724
1.945	0.7599188577203
1.946	0.7597357101409
1.947	0.7595526681365
1.948	0.7593697316093
1.949	0.7591869004620
1.950	0.7590041745970
1.951	0.7588215539172
1.952	0.7586390383253
1.953	0.7584566277245
1.954	0.7582743220178
1.955	0.7580921211084
1.956	0.7579100248997
1.957	0.7577280332952
1.958	0.7575461461984
1.959	0.7573643635132
1.960	0.7571826851433
1.961	0.7570011109927
1.962	0.7568196409656
1.963	0.7566382749661
1.964	0.7564570128985
1.965	0.7562758546674
1.966	0.7560948001773
1.967	0.7559138493328
1.968	0.7557330020389
1.969	0.7555522582004
1.970	0.7553716177225
1.971	0.7551910805102
1.972	0.7550106464690
1.973	0.7548303155042
1.974	0.7546500875213
1.975	0.7544699624261
1.976	0.7542899401243
1.977	0.7541100205217
1.978	0.7539302035245
1.979	0.7537504890387
1.980	0.7535708769707
1.981	0.7533913672267
1.982	0.7532119597133
1.983	0.7530326543371
1.984	0.7528534510047
1.985	0.7526743496231
1.986	0.7524953500993
1.987	0.7523164523402
1.988	0.7521376562531
1.989	0.7519589617452
1.990	0.7517803687241
1.991	0.7516018770973
1.992	0.7514234867724
1.993	0.7512451976572
1.994	0.7510670096596
1.995	0.7508889226876
1.996	0.7507109366493
1.997	0.7505330514530
1.998	0.7503552670070
1.999	0.7501775832198
2.000	0.7500000000000
