0.000	1.6449340668429
0.001	1.6437330912271
0.002	1.6425342740504
0.003	1.6413376091277
0.004	1.6401430902981
0.005	1.6389507114247
0.006	1.6377604663947
0.007	1.6365723491189
0.008	1.6353863535319
0.009	1.6342024735919
0.010	1.6330207032806
0.011	1.6318410366029
0.012	1.6306634675872
0.013	1.6294879902849
0.014	1.6283145987702
0.015	1.6271432871406
0.016	1.6259740495161
0.017	1.6248068800394
0.018	1.6236417728760
0.019	1.6224787222137
0.020	1.6213177222625
0.021	1.6201587672549
0.022	1.6190018514454
0.023	1.6178469691106
0.024	1.6166941145489
0.025	1.6155432820806
0.026	1.6143944660478
0.027	1.6132476608141
0.028	1.6121028607645
0.029	1.6109600603055
0.030	1.6098192538650
0.031	1.6086804358919
0.032	1.6075436008564
0.033	1.6064087432494
0.034	1.6052758575830
0.035	1.6041449383899
0.036	1.6030159802235
0.037	1.6018889776579
0.038	1.6007639252875
0.039	1.5996408177273
0.040	1.5985196496125
0.041	1.5974004155986
0.042	1.5962831103609
0.043	1.5951677285951
0.044	1.5940542650165
0.045	1.5929427143605
0.046	1.5918330713821
0.047	1.5907253308557
0.048	1.5896194875757
0.049	1.5885155363556
0.050	1.5874134720283
0.051	1.5863132894461
0.052	1.5852149834805
0.053	1.5841185490218
0.054	1.5830239809795
0.055	1.5819312742821
0.056	1.5808404238768
0.057	1.5797514247294
0.058	1.5786642718246
0.059	1.5775789601655
0.060	1.5764954847736
0.061	1.5754138406890
0.062	1.5743340229698
0.063	1.5732560266927
0.064	1.5721798469521
0.065	1.5711054788608
0.066	1.5700329175493
0.067	1.5689621581662
0.068	1.5678931958776
0.069	1.5668260258676
0.070	1.5657606433378
0.071	1.5646970435073
0.072	1.5636352216127
0.073	1.5625751729080
0.074	1.5615168926646
0.075	1.5604603761709
0.076	1.5594056187327
0.077	1.5583526156726
0.078	1.5573013623304
0.079	1.5562518540627
0.080	1.5552040862430
0.081	1.5541580542616
0.082	1.5531137535252
0.083	1.5520711794575
0.084	1.5510303274985
0.085	1.5499911931045
0.086	1.5489537717486
0.087	1.5479180589198
0.088	1.5468840501235
0.089	1.5458517408814
0.090	1.5448211267309
0.091	1.5437922032258
0.092	1.5427649659356
0.093	1.5417394104457
0.094	1.5407155323573
0.095	1.5396933272875
0.096	1.5386727908687
0.097	1.5376539187492
0.098	1.5366367065926
0.099	1.5356211500780
0.100	1.5346072449000
0.101	1.5335949867683
0.102	1.5325843714079
0.103	1.5315753945590
0.104	1.5305680519769
0.105	1.5295623394318
0.106	1.5285582527091
0.107	1.5275557876089
0.108	1.5265549399462
0.109	1.5255557055506
0.110	1.5245580802668
0.111	1.5235620599536
0.112	1.5225676404848
0.113	1.5215748177485
0.114	1.5205835876473
0.115	1.5195939460980
0.116	1.5186058890320
0.117	1.5176194123948
0.118	1.5166345121459
0.119	1.5156511842592
0.120	1.5146694247226
0.121	1.5136892295379
0.122	1.5127105947208
0.123	1.5117335163010
0.124	1.5107579903221
0.125	1.5097840128411
0.126	1.5088115799289
0.127	1.5078406876702
0.128	1.5068713321630
0.129	1.5059035095189
0.130	1.5049372158629
0.131	1.5039724473336
0.132	1.5030092000826
0.133	1.5020474702751
0.134	1.5010872540893
0.135	1.5001285477168
0.136	1.4991713473619
0.137	1.4982156492423
0.138	1.4972614495885
0.139	1.4963087446442
0.140	1.4953575306656
0.141	1.4944078039220
0.142	1.4934595606953
0.143	1.4925127972803
0.144	1.4915675099842
0.145	1.4906236951270
0.146	1.4896813490412
0.147	1.4887404680717
0.148	1.4878010485760
0.149	1.4868630869239
0.150	1.4859265794975
0.151	1.4849915226912
0.152	1.4840579129117
0.153	1.4831257465777
0.154	1.4821950201203
0.155	1.4812657299824
0.156	1.4803378726189
0.157	1.4794114444971
0.158	1.4784864420956
0.159	1.4775628619053
0.160	1.4766407004288
0.161	1.4757199541805
0.162	1.4748006196863
0.163	1.4738826934840
0.164	1.4729661721230
0.165	1.4720510521642
0.166	1.4711373301800
0.167	1.4702250027543
0.168	1.4693140664823
0.169	1.4684045179709
0.170	1.4674963538380
0.171	1.4665895707128
0.172	1.4656841652359
0.173	1.4647801340590
0.174	1.4638774738449
0.175	1.4629761812676
0.176	1.4620762530119
0.177	1.4611776857738
0.178	1.4602804762602
0.179	1.4593846211889
0.180	1.4584901172886
0.181	1.4575969612988
0.182	1.4567051499695
0.183	1.4558146800619
0.184	1.4549255483475
0.185	1.4540377516086
0.186	1.4531512866381
0.187	1.4522661502392
0.188	1.4513823392260
0.189	1.4504998504227
0.190	1.4496186806641
0.191	1.4487388267954
0.192	1.4478602856719
0.193	1.4469830541595
0.194	1.4461071291340
0.195	1.4452325074818
0.196	1.4443591860990
0.197	1.4434871618922
0.198	1.4426164317779
0.199	1.4417469926826
0.200	1.4408788415429
0.201	1.4400119753052
0.202	1.4391463909260
0.203	1.4382820853715
0.204	1.4374190556179
0.205	1.4365572986509
0.206	1.4356968114663
0.207	1.4348375910693
0.208	1.4339796344750
0.209	1.4331229387081
0.210	1.4322675008026
0.211	1.4314133178025
0.212	1.4305603867609
0.213	1.4297087047406
0.214	1.4288582688139
0.215	1.4280090760622
0.216	1.4271611235766
0.217	1.4263144084573
0.218	1.4254689278138
0.219	1.4246246787649
0.220	1.4237816584386
0.221	1.4229398639721
0.222	1.4220992925116
0.223	1.4212599412126
0.224	1.4204218072395
0.225	1.4195848877657
0.226	1.4187491799737
0.227	1.4179146810549
0.228	1.4170813882096
0.229	1.4162492986470
0.230	1.4154184095852
0.231	1.4145887182510
0.232	1.4137602218800
0.233	1.4129329177165
0.234	1.4121068030137
0.235	1.4112818750331
0.236	1.4104581310453
0.237	1.4096355683291
0.238	1.4088141841721
0.239	1.4079939758702
0.240	1.4071749407281
0.241	1.4063570760587
0.242	1.4055403791834
0.243	1.4047248474322
0.244	1.4039104781431
0.245	1.4030972686627
0.246	1.4022852163457
0.247	1.4014743185554
0.248	1.4006645726629
0.249	1.3998559760477
0.250	1.3990485260976
0.251	1.3982422202083
0.252	1.3974370557836
0.253	1.3966330302357
0.254	1.3958301409845
0.255	1.3950283854579
0.256	1.3942277610920
0.257	1.3934282653307
0.258	1.3926298956259
0.259	1.3918326494372
0.260	1.3910365242322
0.261	1.3902415174863
0.262	1.3894476266828
0.263	1.3886548493124
0.264	1.3878631828739
0.265	1.3870726248737
0.266	1.3862831728257
0.267	1.3854948242516
0.268	1.3847075766808
0.269	1.3839214276500
0.270	1.3831363747037
0.271	1.3823524153938
0.272	1.3815695472797
0.273	1.3807877679282
0.274	1.3800070749137
0.275	1.3792274658180
0.276	1.3784489382300
0.277	1.3776714897462
0.278	1.3768951179704
0.279	1.3761198205137
0.280	1.3753455949942
0.281	1.3745724390377
0.282	1.3738003502767
0.283	1.3730293263513
0.284	1.3722593649086
0.285	1.3714904636027
0.286	1.3707226200949
0.287	1.3699558320536
0.288	1.3691900971543
0.289	1.3684254130792
0.290	1.3676617775180
0.291	1.3668991881669
0.292	1.3661376427293
0.293	1.3653771389154
0.294	1.3646176744423
0.295	1.3638592470340
0.296	1.3631018544212
0.297	1.3623454943416
0.298	1.3615901645395
0.299	1.3608358627661
0.300	1.3600825867793
0.301	1.3593303343435
0.302	1.3585791032301
0.303	1.3578288912170
0.304	1.3570796960885
0.305	1.3563315156360
0.306	1.3555843476570
0.307	1.3548381899558
0.308	1.3540930403433
0.309	1.3533488966365
0.310	1.3526057566594
0.311	1.3518636182422
0.312	1.3511224792214
0.313	1.3503823374401
0.314	1.3496431907477
0.315	1.3489050370000
0.316	1.3481678740592
0.317	1.3474316997936
0.318	1.3466965120780
0.319	1.3459623087933
0.320	1.3452290878268
0.321	1.3444968470718
0.322	1.3437655844281
0.323	1.3430352978013
0.324	1.3423059851035
0.325	1.3415776442527
0.326	1.3408502731731
0.327	1.3401238697948
0.328	1.3393984320543
0.329	1.3386739578938
0.330	1.3379504452618
0.331	1.3372278921124
0.332	1.3365062964061
0.333	1.3357856561091
0.334	1.3350659691935
0.335	1.3343472336374
0.336	1.3336294474248
0.337	1.3329126085455
0.338	1.3321967149951
0.339	1.3314817647751
0.340	1.3307677558928
0.341	1.3300546863611
0.342	1.3293425541988
0.343	1.3286313574306
0.344	1.3279210940864
0.345	1.3272117622024
0.346	1.3265033598200
0.347	1.3257958849865
0.348	1.3250893357547
0.349	1.3243837101830
0.350	1.3236790063356
0.351	1.3229752222819
0.352	1.3222723560972
0.353	1.3215704058620
0.354	1.3208693696627
0.355	1.3201692455908
0.356	1.3194700317434
0.357	1.3187717262232
0.358	1.3180743271380
0.359	1.3173778326014
0.360	1.3166822407321
0.361	1.3159875496542
0.362	1.3152937574972
0.363	1.3146008623959
0.364	1.3139088624906
0.365	1.3132177559265
0.366	1.3125275408544
0.367	1.3118382154302
0.368	1.3111497778151
0.369	1.3104622261755
0.370	1.3097755586829
0.371	1.3090897735141
0.372	1.3084048688510
0.373	1.3077208428807
0.374	1.3070376937953
0.375	1.3063554197921
0.376	1.3056740190735
0.377	1.3049934898469
0.378	1.3043138303247
0.379	1.3036350387245
0.380	1.3029571132687
0.381	1.3022800521849
0.382	1.3016038537056
0.383	1.3009285160681
0.384	1.3002540375150
0.385	1.2995804162934
0.386	1.2989076506555
0.387	1.2982357388586
0.388	1.2975646791645
0.389	1.2968944698401
0.390	1.2962251091570
0.391	1.2955565953917
0.392	1.2948889268255
0.393	1.2942221017445
0.394	1.2935561184395
0.395	1.2928909752060
0.396	1.2922266703445
0.397	1.2915632021599
0.398	1.2909005689619
0.399	1.2902387690651
0.400	1.2895778007885
0.401	1.2889176624558
0.402	1.2882583523955
0.403	1.2875998689405
0.404	1.2869422104285
0.405	1.2862853752016
0.406	1.2856293616067
0.407	1.2849741679950
0.408	1.2843197927224
0.409	1.2836662341492
0.410	1.2830134906405
0.411	1.2823615605655
0.412	1.2817104422982
0.413	1.2810601342168
0.414	1.2804106347042
0.415	1.2797619421475
0.416	1.2791140549383
0.417	1.2784669714727
0.418	1.2778206901511
0.419	1.2771752093781
0.420	1.2765305275631
0.421	1.2758866431193
0.422	1.2752435544646
0.423	1.2746012600211
0.424	1.2739597582152
0.425	1.2733190474776
0.426	1.2726791262431
0.427	1.2720399929509
0.428	1.2714016460445
0.429	1.2707640839716
0.430	1.2701273051839
0.431	1.2694913081374
0.432	1.2688560912925
0.433	1.2682216531134
0.434	1.2675879920688
0.435	1.2669551066311
0.436	1.2663229952774
0.437	1.2656916564883
0.438	1.2650610887489
0.439	1.2644312905483
0.440	1.2638022603795
0.441	1.2631739967398
0.442	1.2625464981303
0.443	1.2619197630562
0.444	1.2612937900269
0.445	1.2606685775556
0.446	1.2600441241594
0.447	1.2594204283595
0.448	1.2587974886811
0.449	1.2581753036533
0.450	1.2575538718090
0.451	1.2569331916853
0.452	1.2563132618229
0.453	1.2556940807665
0.454	1.2550756470647
0.455	1.2544579592700
0.456	1.2538410159388
0.457	1.2532248156310
0.458	1.2526093569107
0.459	1.2519946383457
0.460	1.2513806585075
0.461	1.2507674159714
0.462	1.2501549093167
0.463	1.2495431371262
0.464	1.2489320979865
0.465	1.2483217904879
0.466	1.2477122132247
0.467	1.2471033647945
0.468	1.2464952437990
0.469	1.2458878488431
0.470	1.2452811785359
0.471	1.2446752314898
0.472	1.2440700063210
0.473	1.2434655016493
0.474	1.2428617160980
0.475	1.2422586482943
0.476	1.2416562968688
0.477	1.2410546604556
0.478	1.2404537376927
0.479	1.2398535272212
0.480	1.2392540276862
0.481	1.2386552377361
0.482	1.2380571560228
0.483	1.2374597812019
0.484	1.2368631119324
0.485	1.2362671468768
0.486	1.2356718847009
0.487	1.2350773240744
0.488	1.2344834636701
0.489	1.2338903021642
0.490	1.2332978382368
0.491	1.2327060705708
0.492	1.2321149978531
0.493	1.2315246187735
0.494	1.2309349320256
0.495	1.2303459363061
0.496	1.2297576303152
0.497	1.2291700127564
0.498	1.2285830823366
0.499	1.2279968377660
0.500	1.2274112777582
0.501	1.2268264010300
0.502	1.2262422063016
0.503	1.2256586922963
0.504	1.2250758577410
0.505	1.2244937013657
0.506	1.2239122219035
0.507	1.2233314180910
0.508	1.2227512886681
0.509	1.2221718323775
0.510	1.2215930479656
0.511	1.2210149341817
0.512	1.2204374897785
0.513	1.2198607135117
0.514	1.2192846041404
0.515	1.2187091604265
0.516	1.2181343811356
0.517	1.2175602650358
0.518	1.2169868108989
0.519	1.2164140174996
0.520	1.2158418836156
0.521	1.2152704080278
0.522	1.2146995895204
0.523	1.2141294268803
0.524	1.2135599188978
0.525	1.2129910643661
0.526	1.2124228620815
0.527	1.2118553108434
0.528	1.2112884094540
0.529	1.2107221567189
0.530	1.2101565514465
0.531	1.2095915924481
0.532	1.2090272785383
0.533	1.2084636085344
0.534	1.2079005812568
0.535	1.2073381955289
0.536	1.2067764501770
0.537	1.2062153440304
0.538	1.2056548759213
0.539	1.2050950446849
0.540	1.2045358491591
0.541	1.2039772881851
0.542	1.2034193606067
0.543	1.2028620652706
0.544	1.2023054010265
0.545	1.2017493667270
0.546	1.2011939612274
0.547	1.2006391833861
0.548	1.2000850320641
0.549	1.1995315061254
0.550	1.1989786044368
0.551	1.1984263258678
0.552	1.1978746692909
0.553	1.1973236335814
0.554	1.1967732176171
0.555	1.1962234202790
0.556	1.1956742404506
0.557	1.1951256770182
0.558	1.1945777288710
0.559	1.1940303949008
0.560	1.1934836740022
0.561	1.1929375650725
0.562	1.1923920670119
0.563	1.1918471787230
0.564	1.1913028991114
0.565	1.1907592270852
0.566	1.1902161615554
0.567	1.1896737014355
0.568	1.1891318456416
0.569	1.1885905930928
0.570	1.1880499427106
0.571	1.1875098934192
0.572	1.1869704441453
0.573	1.1864315938186
0.574	1.1858933413711
0.575	1.1853556857376
0.576	1.1848186258553
0.577	1.1842821606643
0.578	1.1837462891070
0.579	1.1832110101285
0.580	1.1826763226765
0.581	1.1821422257014
0.582	1.1816087181558
0.583	1.1810757989952
0.584	1.1805434671775
0.585	1.1800117216631
0.586	1.1794805614150
0.587	1.1789499853987
0.588	1.1784199925822
0.589	1.1778905819361
0.590	1.1773617524333
0.591	1.1768335030493
0.592	1.1763058327622
0.593	1.1757787405524
0.594	1.1752522254029
0.595	1.1747262862989
0.596	1.1742009222285
0.597	1.1736761321818
0.598	1.1731519151515
0.599	1.1726282701329
0.600	1.1721051961235
0.601	1.1715826921233
0.602	1.1710607571347
0.603	1.1705393901625
0.604	1.1700185902139
0.605	1.1694983562984
0.606	1.1689786874281
0.607	1.1684595826172
0.608	1.1679410408824
0.609	1.1674230612428
0.610	1.1669056427198
0.611	1.1663887843371
0.612	1.1658724851208
0.613	1.1653567440993
0.614	1.1648415603032
0.615	1.1643269327657
0.616	1.1638128605221
0.617	1.1632993426100
0.618	1.1627863780694
0.619	1.1622739659424
0.620	1.1617621052736
0.621	1.1612507951098
0.622	1.1607400345000
0.623	1.1602298224954
0.624	1.1597201581497
0.625	1.1592110405186
0.626	1.1587024686601
0.627	1.1581944416346
0.628	1.1576869585045
0.629	1.1571800183345
0.630	1.1566736201915
0.631	1.1561677631447
0.632	1.1556624462653
0.633	1.1551576686269
0.634	1.1546534293052
0.635	1.1541497273780
0.636	1.1536465619254
0.637	1.1531439320297
0.638	1.1526418367751
0.639	1.1521402752482
0.640	1.1516392465377
0.641	1.1511387497343
0.642	1.1506387839311
0.643	1.1501393482231
0.644	1.1496404417074
0.645	1.1491420634834
0.646	1.1486442126525
0.647	1.1481468883183
0.648	1.1476500895862
0.649	1.1471538155641
0.650	1.1466580653616
0.651	1.1461628380907
0.652	1.1456681328653
0.653	1.1451739488014
0.654	1.1446802850170
0.655	1.1441871406322
0.656	1.1436945147692
0.657	1.1432024065522
0.658	1.1427108151074
0.659	1.1422197395630
0.660	1.1417291790494
0.661	1.1412391326988
0.662	1.1407495996456
0.663	1.1402605790260
0.664	1.1397720699783
0.665	1.1392840716429
0.666	1.1387965831620
0.667	1.1383096036799
0.668	1.1378231323428
0.669	1.1373371682990
0.670	1.1368517106986
0.671	1.1363667586938
0.672	1.1358823114386
0.673	1.1353983680891
0.674	1.1349149278033
0.675	1.1344319897410
0.676	1.1339495530641
0.677	1.1334676169364
0.678	1.1329861805235
0.679	1.1325052429931
0.680	1.1320248035146
0.681	1.1315448612594
0.682	1.1310654154008
0.683	1.1305864651141
0.684	1.1301080095763
0.685	1.1296300479663
0.686	1.1291525794650
0.687	1.1286756032550
0.688	1.1281991185210
0.689	1.1277231244494
0.690	1.1272476202283
0.691	1.1267726050480
0.692	1.1262980781004
0.693	1.1258240385792
0.694	1.1253504856802
0.695	1.1248774186007
0.696	1.1244048365401
0.697	1.1239327386993
0.698	1.1234611242814
0.699	1.1229899924911
0.700	1.1225193425347
0.701	1.1220491736207
0.702	1.1215794849591
0.703	1.1211102757618
0.704	1.1206415452424
0.705	1.1201732926163
0.706	1.1197055171008
0.707	1.1192382179149
0.708	1.1187713942791
0.709	1.1183050454160
0.710	1.1178391705499
0.711	1.1173737689066
0.712	1.1169088397140
0.713	1.1164443822013
0.714	1.1159803955998
0.715	1.1155168791424
0.716	1.1150538320636
0.717	1.1145912535999
0.718	1.1141291429892
0.719	1.1136674994712
0.720	1.1132063222875
0.721	1.1127456106811
0.722	1.1122853638968
0.723	1.1118255811813
0.724	1.1113662617825
0.725	1.1109074049505
0.726	1.1104490099367
0.727	1.1099910759943
0.728	1.1095336023783
0.729	1.1090765883450
0.730	1.1086200331528
0.731	1.1081639360614
0.732	1.1077082963322
0.733	1.1072531132284
0.734	1.1067983860147
0.735	1.1063441139574
0.736	1.1058902963246
0.737	1.1054369323858
0.738	1.1049840214123
0.739	1.1045315626769
0.740	1.1040795554540
0.741	1.1036279990197
0.742	1.1031768926516
0.743	1.1027262356290
0.744	1.1022760272326
0.745	1.1018262667449
0.746	1.1013769534498
0.747	1.1009280866329
0.748	1.1004796655813
0.749	1.1000316895837
0.750	1.0995841579304
0.751	1.0991370699131
0.752	1.0986904248253
0.753	1.0982442219619
0.754	1.0977984606192
0.755	1.0973531400954
0.756	1.0969082596899
0.757	1.0964638187038
0.758	1.0960198164397
0.759	1.0955762522018
0.760	1.0951331252956
0.761	1.0946904350282
0.762	1.0942481807085
0.763	1.0938063616465
0.764	1.0933649771538
0.765	1.0929240265438
0.766	1.0924835091309
0.767	1.0920434242314
0.768	1.0916037711630
0.769	1.0911645492446
0.770	1.0907257577970
0.771	1.0902873961422
0.772	1.0898494636037
0.773	1.0894119595065
0.774	1.0889748831771
0.775	1.0885382339435
0.776	1.0881020111349
0.777	1.0876662140822
0.778	1.0872308421177
0.779	1.0867958945751
0.780	1.0863613707896
0.781	1.0859272700976
0.782	1.0854935918373
0.783	1.0850603353480
0.784	1.0846274999707
0.785	1.0841950850475
0.786	1.0837630899222
0.787	1.0833315139399
0.788	1.0829003564471
0.789	1.0824696167917
0.790	1.0820392943230
0.791	1.0816093883917
0.792	1.0811798983498
0.793	1.0807508235510
0.794	1.0803221633499
0.795	1.0798939171029
0.796	1.0794660841676
0.797	1.0790386639030
0.798	1.0786116556694
0.799	1.0781850588286
0.800	1.0777588727436
0.801	1.0773330967789
0.802	1.0769077303002
0.803	1.0764827726748
0.804	1.0760582232710
0.805	1.0756340814588
0.806	1.0752103466093
0.807	1.0747870180950
0.808	1.0743640952898
0.809	1.0739415775687
0.810	1.0735194643084
0.811	1.0730977548866
0.812	1.0726764486825
0.813	1.0722555450764
0.814	1.0718350434502
0.815	1.0714149431869
0.816	1.0709952436709
0.817	1.0705759442878
0.818	1.0701570444246
0.819	1.0697385434695
0.820	1.0693204408121
0.821	1.0689027358433
0.822	1.0684854279551
0.823	1.0680685165409
0.824	1.0676520009954
0.825	1.0672358807145
0.826	1.0668201550955
0.827	1.0664048235368
0.828	1.0659898854381
0.829	1.0655753402004
0.830	1.0651611872260
0.831	1.0647474259184
0.832	1.0643340556824
0.833	1.0639210759238
0.834	1.0635084860501
0.835	1.0630962854695
0.836	1.0626844735919
0.837	1.0622730498283
0.838	1.0618620135906
0.839	1.0614513642925
0.840	1.0610411013484
0.841	1.0606312241743
0.842	1.0602217321871
0.843	1.0598126248052
0.844	1.0594039014481
0.845	1.0589955615363
0.846	1.0585876044918
0.847	1.0581800297377
0.848	1.0577728366983
0.849	1.0573660247991
0.850	1.0569595934666
0.851	1.0565535421288
0.852	1.0561478702148
0.853	1.0557425771546
0.854	1.0553376623799
0.855	1.0549331253230
0.856	1.0545289654177
0.857	1.0541251820991
0.858	1.0537217748030
0.859	1.0533187429669
0.860	1.0529160860291
0.861	1.0525138034291
0.862	1.0521118946076
0.863	1.0517103590066
0.864	1.0513091960691
0.865	1.0509084052391
0.866	1.0505079859620
0.867	1.0501079376843
0.868	1.0497082598534
0.869	1.0493089519182
0.870	1.0489100133284
0.871	1.0485114435349
0.872	1.0481132419900
0.873	1.0477154081467
0.874	1.0473179414594
0.875	1.0469208413836
0.876	1.0465241073758
0.877	1.0461277388936
0.878	1.0457317353958
0.879	1.0453360963423
0.880	1.0449408211940
0.881	1.0445459094131
0.882	1.0441513604626
0.883	1.0437571738069
0.884	1.0433633489113
0.885	1.0429698852421
0.886	1.0425767822670
0.887	1.0421840394545
0.888	1.0417916562743
0.889	1.0413996321971
0.890	1.0410079666948
0.891	1.0406166592402
0.892	1.0402257093073
0.893	1.0398351163712
0.894	1.0394448799078
0.895	1.0390549993944
0.896	1.0386654743092
0.897	1.0382763041313
0.898	1.0378874883412
0.899	1.0374990264200
0.900	1.0371109178504
0.901	1.0367231621156
0.902	1.0363357587001
0.903	1.0359487070896
0.904	1.0355620067704
0.905	1.0351756572303
0.906	1.0347896579577
0.907	1.0344040084425
0.908	1.0340187081751
0.909	1.0336337566473
0.910	1.0332491533518
0.911	1.0328648977824
0.912	1.0324809894337
0.913	1.0320974278014
0.914	1.0317142123824
0.915	1.0313313426744
0.916	1.0309488181762
0.917	1.0305666383875
0.918	1.0301848028090
0.919	1.0298033109426
0.920	1.0294221622910
0.921	1.0290413563579
0.922	1.0286608926480
0.923	1.0282807706672
0.924	1.0279009899219
0.925	1.0275215499200
0.926	1.0271424501701
0.927	1.0267636901819
0.928	1.0263852694658
0.929	1.0260071875336
0.930	1.0256294438977
0.931	1.0252520380717
0.932	1.0248749695700
0.933	1.0244982379080
0.934	1.0241218426023
0.935	1.0237457831700
0.936	1.0233700591295
0.937	1.0229946700002
0.938	1.0226196153021
0.939	1.0222448945564
0.940	1.0218705072852
0.941	1.0214964530116
0.942	1.0211227312596
0.943	1.0207493415539
0.944	1.0203762834206
0.945	1.0200035563864
0.946	1.0196311599789
0.947	1.0192590937269
0.948	1.0188873571598
0.949	1.0185159498083
0.950	1.0181448712036
0.951	1.0177741208782
0.952	1.0174036983652
0.953	1.0170336031989
0.954	1.0166638349142
0.955	1.0162943930472
0.956	1.0159252771348
0.957	1.0155564867147
0.958	1.0151880213257
0.959	1.0148198805073
0.960	1.0144520638001
0.961	1.0140845707454
0.962	1.0137174008855
0.963	1.0133505537636
0.964	1.0129840289237
0.965	1.0126178259109
0.966	1.0122519442709
0.967	1.0118863835504
0.968	1.0115211432971
0.969	1.0111562230595
0.970	1.0107916223868
0.971	1.0104273408294
0.972	1.0100633779383
0.973	1.0096997332655
0.974	1.0093364063639
0.975	1.0089733967871
0.976	1.0086107040897
0.977	1.0082483278271
0.978	1.0078862675557
0.979	1.0075245228326
0.980	1.0071630932157
0.981	1.0068019782639
0.982	1.0064411775370
0.983	1.0060806905955
0.984	1.0057205170008
0.985	1.0053606563151
0.986	1.0050011081015
0.987	1.0046418719240
0.988	1.0042829473473
0.989	1.0039243339370
0.990	1.0035660312595
0.991	1.0032080388822
0.992	1.0028503563731
0.993	1.0024929833011
0.994	1.0021359192360
0.995	1.0017791637484
0.996	1.0014227164096
0.997	1.0010665767920
0.998	1.0007107444684
0.999	1.0003552190129
1.000	1.0000000000000
1.001	0.9996450870052
1.002	0.9992904796049
1.003	0.9989361773760
1.004	0.9985821798966
1.005	0.9982284867453
1.006	0.9978750975017
1.007	0.9975220117460
1.008	0.9971692290593
1.009	0.9968167490237
1.010	0.9964645712217
1.011	0.9961126952368
1.012	0.9957611206534
1.013	0.9954098470565
1.014	0.9950588740320
1.015	0.9947082011666
1.016	0.9943578280476
1.017	0.9940077542632
1.018	0.9936579794025
1.019	0.9933085030552
1.020	0.9929593248119
1.021	0.9926104442639
1.022	0.9922618610032
1.023	0.9919135746228
1.024	0.9915655847162
1.025	0.9912178908778
1.026	0.9908704927029
1.027	0.9905233897873
1.028	0.9901765817276
1.029	0.9898300681215
1.030	0.9894838485669
1.031	0.9891379226630
1.032	0.9887922900094
1.033	0.9884469502065
1.034	0.9881019028556
1.035	0.9877571475586
1.036	0.9874126839182
1.037	0.9870685115379
1.038	0.9867246300219
1.039	0.9863810389751
1.040	0.9860377380031
1.041	0.9856947267125
1.042	0.9853520047102
1.043	0.9850095716042
1.044	0.9846674270032
1.045	0.9843255705164
1.046	0.9839840017539
1.047	0.9836427203266
1.048	0.9833017258458
1.049	0.9829610179240
1.050	0.9826205961740
1.051	0.9822804602096
1.052	0.9819406096452
1.053	0.9816010440958
1.054	0.9812617631773
1.055	0.9809227665063
1.056	0.9805840537000
1.057	0.9802456243765
1.058	0.9799074781543
1.059	0.9795696146529
1.060	0.9792320334924
1.061	0.9788947342936
1.062	0.9785577166779
1.063	0.9782209802677
1.064	0.9778845246857
1.065	0.9775483495556
1.066	0.9772124545016
1.067	0.9768768391488
1.068	0.9765415031228
1.069	0.9762064460500
1.070	0.9758716675575
1.071	0.9755371672729
1.072	0.9752029448248
1.073	0.9748689998422
1.074	0.9745353319549
1.075	0.9742019407934
1.076	0.9738688259889
1.077	0.9735359871731
1.078	0.9732034239787
1.079	0.9728711360387
1.080	0.9725391229870
1.081	0.9722073844582
1.082	0.9718759200874
1.083	0.9715447295106
1.084	0.9712138123641
1.085	0.9708831682854
1.086	0.9705527969121
1.087	0.9702226978828
1.088	0.9698928708367
1.089	0.9695633154136
1.090	0.9692340312541
1.091	0.9689050179993
1.092	0.9685762752909
1.093	0.9682478027715
1.094	0.9679196000841
1.095	0.9675916668725
1.096	0.9672640027812
1.097	0.9669366074551
1.098	0.9666094805400
1.099	0.9662826216822
1.100	0.9659560305288
1.101	0.9656297067272
1.102	0.9653036499258
1.103	0.9649778597736
1.104	0.9646523359199
1.105	0.9643270780151
1.106	0.9640020857099
1.107	0.9636773586558
1.108	0.9633528965047
1.109	0.9630286989095
1.110	0.9627047655234
1.111	0.9623810960005
1.112	0.9620576899952
1.113	0.9617345471628
1.114	0.9614116671591
1.115	0.9610890496405
1.116	0.9607666942641
1.117	0.9604446006877
1.118	0.9601227685693
1.119	0.9598011975681
1.120	0.9594798873435
1.121	0.9591588375556
1.122	0.9588380478652
1.123	0.9585175179336
1.124	0.9581972474229
1.125	0.9578772359955
1.126	0.9575574833146
1.127	0.9572379890441
1.128	0.9569187528482
1.129	0.9565997743920
1.130	0.9562810533411
1.131	0.9559625893616
1.132	0.9556443821203
1.133	0.9553264312846
1.134	0.9550087365224
1.135	0.9546912975023
1.136	0.9543741138935
1.137	0.9540571853656
1.138	0.9537405115890
1.139	0.9534240922346
1.140	0.9531079269739
1.141	0.9527920154790
1.142	0.9524763574226
1.143	0.9521609524779
1.144	0.9518458003187
1.145	0.9515309006194
1.146	0.9512162530551
1.147	0.9509018573013
1.148	0.9505877130340
1.149	0.9502738199302
1.150	0.9499601776669
1.151	0.9496467859221
1.152	0.9493336443743
1.153	0.9490207527023
1.154	0.9487081105858
1.155	0.9483957177049
1.156	0.9480835737403
1.157	0.9477716783732
1.158	0.9474600312856
1.159	0.9471486321596
1.160	0.9468374806784
1.161	0.9465265765253
1.162	0.9462159193846
1.163	0.9459055089406
1.164	0.9455953448788
1.165	0.9452854268847
1.166	0.9449757546446
1.167	0.9446663278454
1.168	0.9443571461745
1.169	0.9440482093197
1.170	0.9437395169696
1.171	0.9434310688132
1.172	0.9431228645400
1.173	0.9428149038401
1.174	0.9425071864042
1.175	0.9421997119236
1.176	0.9418924800899
1.177	0.9415854905953
1.178	0.9412787431328
1.179	0.9409722373957
1.180	0.9406659730778
1.181	0.9403599498736
1.182	0.9400541674779
1.183	0.9397486255864
1.184	0.9394433238951
1.185	0.9391382621003
1.186	0.9388334398993
1.187	0.9385288569897
1.188	0.9382245130695
1.189	0.9379204078374
1.190	0.9376165409926
1.191	0.9373129122348
1.192	0.9370095212642
1.193	0.9367063677815
1.194	0.9364034514880
1.195	0.9361007720855
1.196	0.9357983292763
1.197	0.9354961227632
1.198	0.9351941522494
1.199	0.9348924174389
1.200	0.9345909180360
1.201	0.9342896537455
1.202	0.9339886242729
1.203	0.9336878293239
1.204	0.9333872686051
1.205	0.9330869418232
1.206	0.9327868486857
1.207	0.9324869889005
1.208	0.9321873621760
1.209	0.9318879682210
1.210	0.9315888067451
1.211	0.9312898774582
1.212	0.9309911800705
1.213	0.9306927142931
1.214	0.9303944798374
1.215	0.9300964764152
1.216	0.9297987037389
1.217	0.9295011615215
1.218	0.9292038494763
1.219	0.9289067673172
1.220	0.9286099147585
1.221	0.9283132915152
1.222	0.9280168973025
1.223	0.9277207318362
1.224	0.9274247948328
1.225	0.9271290860089
1.226	0.9268336050819
1.227	0.9265383517695
1.228	0.9262433257901
1.229	0.9259485268622
1.230	0.9256539547051
1.231	0.9253596090386
1.232	0.9250654895827
1.233	0.9247715960581
1.234	0.9244779281860
1.235	0.9241844856879
1.236	0.9238912682858
1.237	0.9235982757024
1.238	0.9233055076606
1.239	0.9230129638839
1.240	0.9227206440963
1.241	0.9224285480222
1.242	0.9221366753864
1.243	0.9218450259143
1.244	0.9215535993318
1.245	0.9212623953650
1.246	0.9209714137408
1.247	0.9206806541864
1.248	0.9203901164294
1.249	0.9200998001980
1.250	0.9198097052207
1.251	0.9195198312266
1.252	0.9192301779452
1.253	0.9189407451065
1.254	0.9186515324408
1.255	0.9183625396791
1.256	0.9180737665526
1.257	0.9177852127932
1.258	0.9174968781331
1.259	0.9172087623049
1.260	0.9169208650418
1.261	0.9166331860774
1.262	0.9163457251456
1.263	0.9160584819810
1.264	0.9157714563185
1.265	0.9154846478934
1.266	0.9151980564416
1.267	0.9149116816992
1.268	0.9146255234030
1.269	0.9143395812902
1.270	0.9140538550982
1.271	0.9137683445651
1.272	0.9134830494294
1.273	0.9131979694299
1.274	0.9129131043060
1.275	0.9126284537974
1.276	0.9123440176444
1.277	0.9120597955874
1.278	0.9117757873677
1.279	0.9114919927267
1.280	0.9112084114062
1.281	0.9109250431488
1.282	0.9106418876971
1.283	0.9103589447944
1.284	0.9100762141843
1.285	0.9097936956108
1.286	0.9095113888185
1.287	0.9092292935523
1.288	0.9089474095575
1.289	0.9086657365798
1.290	0.9083842743655
1.291	0.9081030226611
1.292	0.9078219812137
1.293	0.9075411497708
1.294	0.9072605280801
1.295	0.9069801158899
1.296	0.9066999129490
1.297	0.9064199190065
1.298	0.9061401338118
1.299	0.9058605571150
1.300	0.9055811886663
1.301	0.9053020282166
1.302	0.9050230755170
1.303	0.9047443303191
1.304	0.9044657923748
1.305	0.9041874614367
1.306	0.9039093372575
1.307	0.9036314195904
1.308	0.9033537081890
1.309	0.9030762028074
1.310	0.9027989032001
1.311	0.9025218091218
1.312	0.9022449203277
1.313	0.9019682365737
1.314	0.9016917576156
1.315	0.9014154832099
1.316	0.9011394131135
1.317	0.9008635470836
1.318	0.9005878848778
1.319	0.9003124262542
1.320	0.9000371709713
1.321	0.8997621187877
1.322	0.8994872694629
1.323	0.8992126227563
1.324	0.8989381784280
1.325	0.8986639362385
1.326	0.8983898959484
1.327	0.8981160573189
1.328	0.8978424201117
1.329	0.8975689840887
1.330	0.8972957490122
1.331	0.8970227146450
1.332	0.8967498807503
1.333	0.8964772470914
1.334	0.8962048134323
1.335	0.8959325795373
1.336	0.8956605451710
1.337	0.8953887100985
1.338	0.8951170740852
1.339	0.8948456368969
1.340	0.8945743982998
1.341	0.8943033580604
1.342	0.8940325159458
1.343	0.8937618717231
1.344	0.8934914251601
1.345	0.8932211760249
1.346	0.8929511240859
1.347	0.8926812691119
1.348	0.8924116108722
1.349	0.8921421491363
1.350	0.8918728836741
1.351	0.8916038142559
1.352	0.8913349406525
1.353	0.8910662626349
1.354	0.8907977799745
1.355	0.8905294924431
1.356	0.8902613998128
1.357	0.8899935018562
1.358	0.8897257983462
1.359	0.8894582890559
1.360	0.8891909737592
1.361	0.8889238522298
1.362	0.8886569242422
1.363	0.8883901895711
1.364	0.8881236479915
1.365	0.8878572992789
1.366	0.8875911432091
1.367	0.8873251795582
1.368	0.8870594081028
1.369	0.8867938286196
1.370	0.8865284408860
1.371	0.8862632446795
1.372	0.8859982397780
1.373	0.8857334259598
1.374	0.8854688030037
1.375	0.8852043706885
1.376	0.8849401287936
1.377	0.8846760770988
1.378	0.8844122153841
1.379	0.8841485434299
1.380	0.8838850610170
1.381	0.8836217679264
1.382	0.8833586639397
1.383	0.8830957488385
1.384	0.8828330224052
1.385	0.8825704844221
1.386	0.8823081346722
1.387	0.8820459729385
1.388	0.8817839990047
1.389	0.8815222126547
1.390	0.8812606136725
1.391	0.8809992018428
1.392	0.8807379769506
1.393	0.8804769387810
1.394	0.8802160871196
1.395	0.8799554217523
1.396	0.8796949424655
1.397	0.8794346490457
1.398	0.8791745412798
1.399	0.8789146189551
1.400	0.8786548818593
1.401	0.8783953297803
1.402	0.8781359625063
1.403	0.8778767798260
1.404	0.8776177815283
1.405	0.8773589674026
1.406	0.8771003372383
1.407	0.8768418908255
1.408	0.8765836279545
1.409	0.8763255484158
1.410	0.8760676520004
1.411	0.8758099384995
1.412	0.8755524077048
1.413	0.8752950594082
1.414	0.8750378934018
1.415	0.8747809094784
1.416	0.8745241074307
1.417	0.8742674870520
1.418	0.8740110481358
1.419	0.8737547904761
1.420	0.8734987138670
1.421	0.8732428181030
1.422	0.8729871029790
1.423	0.8727315682901
1.424	0.8724762138318
1.425	0.8722210393999
1.426	0.8719660447905
1.427	0.8717112298001
1.428	0.8714565942254
1.429	0.8712021378635
1.430	0.8709478605117
1.431	0.8706937619678
1.432	0.8704398420298
1.433	0.8701861004960
1.434	0.8699325371651
1.435	0.8696791518361
1.436	0.8694259443081
1.437	0.8691729143809
1.438	0.8689200618542
1.439	0.8686673865283
1.440	0.8684148882037
1.441	0.8681625666813
1.442	0.8679104217622
1.443	0.8676584532478
1.444	0.8674066609399
1.445	0.8671550446405
1.446	0.8669036041521
1.447	0.8666523392772
1.448	0.8664012498189
1.449	0.8661503355804
1.450	0.8658995963654
1.451	0.8656490319777
1.452	0.8653986422216
1.453	0.8651484269014
1.454	0.8648983858221
1.455	0.8646485187887
1.456	0.8643988256066
1.457	0.8641493060816
1.458	0.8638999600196
1.459	0.8636507872269
1.460	0.8634017875101
1.461	0.8631529606761
1.462	0.8629043065322
1.463	0.8626558248858
1.464	0.8624075155446
1.465	0.8621593783168
1.466	0.8619114130108
1.467	0.8616636194352
1.468	0.8614159973989
1.469	0.8611685467113
1.470	0.8609212671819
1.471	0.8606741586205
1.472	0.8604272208373
1.473	0.8601804536426
1.474	0.8599338568473
1.475	0.8596874302622
1.476	0.8594411736987
1.477	0.8591950869684
1.478	0.8589491698831
1.479	0.8587034222551
1.480	0.8584578438967
1.481	0.8582124346206
1.482	0.8579671942399
1.483	0.8577221225679
1.484	0.8574772194182
1.485	0.8572324846046
1.486	0.8569879179414
1.487	0.8567435192428
1.488	0.8564992883237
1.489	0.8562552249990
1.490	0.8560113290841
1.491	0.8557676003945
1.492	0.8555240387460
1.493	0.8552806439547
1.494	0.8550374158371
1.495	0.8547943542099
1.496	0.8545514588899
1.497	0.8543087296945
1.498	0.8540661664411
1.499	0.8538237689475
1.500	0.8535815370319
1.501	0.8533394705124
1.502	0.8530975692079
1.503	0.8528558329370
1.504	0.8526142615191
1.505	0.8523728547735
1.506	0.8521316125200
1.507	0.8518905345785
1.508	0.8516496207693
1.509	0.8514088709130
1.510	0.8511682848302
1.511	0.8509278623421
1.512	0.8506876032700
1.513	0.8504475074355
1.514	0.8502075746606
1.515	0.8499678047672
1.516	0.8497281975779
1.517	0.8494887529153
1.518	0.8492494706024
1.519	0.8490103504623
1.520	0.8487713923186
1.521	0.8485325959949
1.522	0.8482939613153
1.523	0.8480554881041
1.524	0.8478171761857
1.525	0.8475790253851
1.526	0.8473410355271
1.527	0.8471032064372
1.528	0.8468655379410
1.529	0.8466280298642
1.530	0.8463906820330
1.531	0.8461534942737
1.532	0.8459164664130
1.533	0.8456795982777
1.534	0.8454428896950
1.535	0.8452063404922
1.536	0.8449699504971
1.537	0.8447337195375
1.538	0.8444976474416
1.539	0.8442617340379
1.540	0.8440259791549
1.541	0.8437903826217
1.542	0.8435549442674
1.543	0.8433196639215
1.544	0.8430845414137
1.545	0.8428495765739
1.546	0.8426147692323
1.547	0.8423801192194
1.548	0.8421456263659
1.549	0.8419112905028
1.550	0.8416771114611
1.551	0.8414430890726
1.552	0.8412092231687
1.553	0.8409755135815
1.554	0.8407419601432
1.555	0.8405085626862
1.556	0.8402753210433
1.557	0.8400422350474
1.558	0.8398093045317
1.559	0.8395765293296
1.560	0.8393439092749
1.561	0.8391114442014
1.562	0.8388791339434
1.563	0.8386469783353
1.564	0.8384149772117
1.565	0.8381831304076
1.566	0.8379514377581
1.567	0.8377198990986
1.568	0.8374885142648
1.569	0.8372572830926
1.570	0.8370262054180
1.571	0.8367952810775
1.572	0.8365645099076
1.573	0.8363338917452
1.574	0.8361034264274
1.575	0.8358731137916
1.576	0.8356429536752
1.577	0.8354129459161
1.578	0.8351830903523
1.579	0.8349533868222
1.580	0.8347238351642
1.581	0.8344944352170
1.582	0.8342651868198
1.583	0.8340360898116
1.584	0.8338071440320
1.585	0.8335783493207
1.586	0.8333497055175
1.587	0.8331212124627
1.588	0.8328928699966
1.589	0.8326646779599
1.590	0.8324366361935
1.591	0.8322087445384
1.592	0.8319810028359
1.593	0.8317534109277
1.594	0.8315259686554
1.595	0.8312986758613
1.596	0.8310715323873
1.597	0.8308445380762
1.598	0.8306176927705
1.599	0.8303909963132
1.600	0.8301644485475
1.601	0.8299380493168
1.602	0.8297117984646
1.603	0.8294856958349
1.604	0.8292597412717
1.605	0.8290339346193
1.606	0.8288082757223
1.607	0.8285827644253
1.608	0.8283574005735
1.609	0.8281321840118
1.610	0.8279071145859
1.611	0.8276821921414
1.612	0.8274574165241
1.613	0.8272327875800
1.614	0.8270083051557
1.615	0.8267839690975
1.616	0.8265597792522
1.617	0.8263357354669
1.618	0.8261118375887
1.619	0.8258880854651
1.620	0.8256644789437
1.621	0.8254410178724
1.622	0.8252177020992
1.623	0.8249945314725
1.624	0.8247715058407
1.625	0.8245486250527
1.626	0.8243258889573
1.627	0.8241032974038
1.628	0.8238808502416
1.629	0.8236585473202
1.630	0.8234363884895
1.631	0.8232143735995
1.632	0.8229925025005
1.633	0.8227707750429
1.634	0.8225491910774
1.635	0.8223277504550
1.636	0.8221064530267
1.637	0.8218852986439
1.638	0.8216642871581
1.639	0.8214434184210
1.640	0.8212226922847
1.641	0.8210021086013
1.642	0.8207816672231
1.643	0.8205613680029
1.644	0.8203412107933
1.645	0.8201211954474
1.646	0.8199013218184
1.647	0.8196815897599
1.648	0.8194619991253
1.649	0.8192425497687
1.650	0.8190232415439
1.651	0.8188040743054
1.652	0.8185850479076
1.653	0.8183661622051
1.654	0.8181474170529
1.655	0.8179288123061
1.656	0.8177103478200
1.657	0.8174920234501
1.658	0.8172738390520
1.659	0.8170557944818
1.660	0.8168378895956
1.661	0.8166201242496
1.662	0.8164024983005
1.663	0.8161850116049
1.664	0.8159676640198
1.665	0.8157504554023
1.666	0.8155333856099
1.667	0.8153164545000
1.668	0.8150996619303
1.669	0.8148830077590
1.670	0.8146664918440
1.671	0.8144501140437
1.672	0.8142338742168
1.673	0.8140177722219
1.674	0.8138018079180
1.675	0.8135859811642
1.676	0.8133702918200
1.677	0.8131547397448
1.678	0.8129393247984
1.679	0.8127240468407
1.680	0.8125089057320
1.681	0.8122939013324
1.682	0.8120790335027
1.683	0.8118643021034
1.684	0.8116497069955
1.685	0.8114352480402
1.686	0.8112209250987
1.687	0.8110067380326
1.688	0.8107926867035
1.689	0.8105787709735
1.690	0.8103649907045
1.691	0.8101513457589
1.692	0.8099378359991
1.693	0.8097244612879
1.694	0.8095112214880
1.695	0.8092981164626
1.696	0.8090851460749
1.697	0.8088723101883
1.698	0.8086596086665
1.699	0.8084470413733
1.700	0.8082346081727
1.701	0.8080223089290
1.702	0.8078101435064
1.703	0.8075981117696
1.704	0.8073862135834
1.705	0.8071744488128
1.706	0.8069628173228
1.707	0.8067513189788
1.708	0.8065399536464
1.709	0.8063287211912
1.710	0.8061176214792
1.711	0.8059066543765
1.712	0.8056958197492
1.713	0.8054851174640
1.714	0.8052745473873
1.715	0.8050641093861
1.716	0.8048538033274
1.717	0.8046436290783
1.718	0.8044335865063
1.719	0.8042236754789
1.720	0.8040138958639
1.721	0.8038042475291
1.722	0.8035947303428
1.723	0.8033853441732
1.724	0.8031760888889
1.725	0.8029669643584
1.726	0.8027579704506
1.727	0.8025491070346
1.728	0.8023403739796
1.729	0.8021317711549
1.730	0.8019232984301
1.731	0.8017149556750
1.732	0.8015067427595
1.733	0.8012986595537
1.734	0.8010907059280
1.735	0.8008828817527
1.736	0.8006751868986
1.737	0.8004676212364
1.738	0.8002601846371
1.739	0.8000528769720
1.740	0.7998456981125
1.741	0.7996386479299
1.742	0.7994317262961
1.743	0.7992249330830
1.744	0.7990182681625
1.745	0.7988117314070
1.746	0.7986053226889
1.747	0.7983990418807
1.748	0.7981928888553
1.749	0.7979868634855
1.750	0.7977809656445
1.751	0.7975751952056
1.752	0.7973695520422
1.753	0.7971640360280
1.754	0.7969586470367
1.755	0.7967533849425
1.756	0.7965482496194
1.757	0.7963432409417
1.758	0.7961383587840
1.759	0.7959336030209
1.760	0.7957289735272
1.761	0.7955244701781
1.762	0.7953200928486
1.763	0.7951158414141
1.764	0.7949117157501
1.765	0.7947077157324
1.766	0.7945038412368
1.767	0.7943000921394
1.768	0.7940964683162
1.769	0.7938929696438
1.770	0.7936895959986
1.771	0.7934863472574
1.772	0.7932832232970
1.773	0.7930802239944
1.774	0.7928773492270
1.775	0.7926745988720
1.776	0.7924719728069
1.777	0.7922694709096
1.778	0.7920670930579
1.779	0.7918648391298
1.780	0.7916627090035
1.781	0.7914607025574
1.782	0.7912588196700
1.783	0.7910570602201
1.784	0.7908554240865
1.785	0.7906539111482
1.786	0.7904525212844
1.787	0.7902512543745
1.788	0.7900501102980
1.789	0.7898490889345
1.790	0.7896481901640
1.791	0.7894474138664
1.792	0.7892467599219
1.793	0.7890462282109
1.794	0.7888458186137
1.795	0.7886455310111
1.796	0.7884453652839
1.797	0.7882453213131
1.798	0.7880453989798
1.799	0.7878455981652
1.800	0.7876459187510
1.801	0.7874463606185
1.802	0.7872469236497
1.803	0.7870476077265
1.804	0.7868484127309
1.805	0.7866493385453
1.806	0.7864503850519
1.807	0.7862515521335
1.808	0.7860528396726
1.809	0.7858542475523
1.810	0.7856557756554
1.811	0.7854574238653
1.812	0.7852591920653
1.813	0.7850610801389
1.814	0.7848630879697
1.815	0.7846652154415
1.816	0.7844674624384
1.817	0.7842698288445
1.818	0.7840723145440
1.819	0.7838749194214
1.820	0.7836776433614
1.821	0.7834804862485
1.822	0.7832834479678
1.823	0.7830865284043
1.824	0.7828897274432
1.825	0.7826930449699
1.826	0.7824964808699
1.827	0.7823000350288
1.828	0.7821037073325
1.829	0.7819074976669
1.830	0.7817114059183
1.831	0.7815154319727
1.832	0.7813195757168
1.833	0.7811238370370
1.834	0.7809282158200
1.835	0.7807327119529
1.836	0.7805373253225
1.837	0.7803420558161
1.838	0.7801469033210
1.839	0.7799518677247
1.840	0.7797569489149
1.841	0.7795621467791
1.842	0.7793674612056
1.843	0.7791728920822
1.844	0.7789784392972
1.845	0.7787841027390
1.846	0.7785898822961
1.847	0.7783957778572
1.848	0.7782017893110
1.849	0.7780079165466
1.850	0.7778141594531
1.851	0.7776205179196
1.852	0.7774269918357
1.853	0.7772335810908
1.854	0.7770402855747
1.855	0.7768471051771
1.856	0.7766540397882
1.857	0.7764610892979
1.858	0.7762682535966
1.859	0.7760755325746
1.860	0.7758829261226
1.861	0.7756904341313
1.862	0.7754980564915
1.863	0.7753057930941
1.864	0.7751136438304
1.865	0.7749216085916
1.866	0.7747296872692
1.867	0.7745378797546
1.868	0.7743461859397
1.869	0.7741546057162
1.870	0.7739631389761
1.871	0.7737717856117
1.872	0.7735805455151
1.873	0.7733894185787
1.874	0.7731984046952
1.875	0.7730075037573
1.876	0.7728167156577
1.877	0.7726260402894
1.878	0.7724354775456
1.879	0.7722450273195
1.880	0.7720546895046
1.881	0.7718644639943
1.882	0.7716743506823
1.883	0.7714843494625
1.884	0.7712944602288
1.885	0.7711046828753
1.886	0.7709150172962
1.887	0.7707254633859
1.888	0.7705360210389
1.889	0.7703466901499
1.890	0.7701574706136
1.891	0.7699683623249
1.892	0.7697793651789
1.893	0.7695904790709
1.894	0.7694017038960
1.895	0.7692130395498
1.896	0.7690244859279
1.897	0.7688360429260
1.898	0.7686477104400
1.899	0.7684594883659
1.900	0.7682713765999
1.901	0.7680833750381
1.902	0.7678954835771
1.903	0.7677077021133
1.904	0.7675200305435
1.905	0.7673324687644
1.906	0.7671450166730
1.907	0.7669576741665
1.908	0.7667704411419
1.909	0.7665833174966
1.910	0.7663963031282
1.911	0.7662093979342
1.912	0.7660226018124
1.913	0.7658359146607
1.914	0.7656493363770
1.915	0.7654628668595
1.916	0.7652765060065
1.917	0.7650902537164
1.918	0.7649041098876
1.919	0.7647180744190
1.920	0.7645321472092
1.921	0.7643463281572
1.922	0.7641606171620
1.923	0.7639750141229
1.924	0.7637895189392
1.925	0.7636041315102
1.926	0.7634188517356
1.927	0.7632336795150
1.928	0.7630486147484
1.929	0.7628636573356
1.930	0.7626788071768
1.931	0.7624940641722
1.932	0.7623094282221
1.933	0.7621248992269
1.934	0.7619404770874
1.935	0.7617561617041
1.936	0.7615719529781
1.937	0.7613878508102
1.938	0.7612038551016
1.939	0.7610199657534
1.940	0.7608361826672
1.941	0.7606525057443
1.942	0.7604689348864
1.943	0.7602854699951
1.944	0.7601021109725
1.945	0.7599188577204
1.946	0.7597357101411
1.947	0.7595526681366
1.948	0.7593697316094
1.949	0.7591869004621
1.950	0.7590041745971
1.951	0.7588215539173
1.952	0.7586390383254
1.953	0.7584566277246
1.954	0.7582743220179
1.955	0.7580921211085
1.956	0.7579100248998
1.957	0.7577280332953
1.958	0.7575461461985
1.959	0.7573643635133
1.960	0.7571826851434
1.961	0.7570011109928
1.962	0.7568196409657
1.963	0.7566382749662
1.964	0.7564570128986
1.965	0.7562758546675
1.966	0.7560948001773
1.967	0.7559138493329
1.968	0.7557330020390
1.969	0.7555522582005
1.970	0.7553716177226
1.971	0.7551910805103
1.972	0.7550106464691
1.973	0.7548303155042
1.974	0.7546500875214
1.975	0.7544699624261
1.976	0.7542899401243
1.977	0.7541100205218
1.978	0.7539302035246
1.979	0.7537504890388
1.980	0.7535708769707
1.981	0.7533913672267
1.982	0.7532119597133
1.983	0.7530326543371
1.984	0.7528534510048
1.985	0.7526743496232
1.986	0.7524953500993
1.987	0.7523164523402
1.988	0.7521376562531
1.989	0.7519589617453
1.990	0.7517803687242
1.991	0.7516018770973
1.992	0.7514234867724
1.993	0.7512451976572
1.994	0.7510670096596
1.995	0.7508889226876
1.996	0.7507109366493
1.997	0.7505330514530
1.998	0.7503552670070
1.999	0.7501775832198
2.000	0.7500000000000
