0.000	1.6449340668451
0.001	1.6437330912293
0.002	1.6425342740526
0.003	1.6413376091299
0.004	1.6401430903003
0.005	1.6389507114269
0.006	1.6377604663969
0.007	1.6365723491211
0.008	1.6353863535341
0.009	1.6342024735941
0.010	1.6330207032828
0.011	1.6318410366052
0.012	1.6306634675895
0.013	1.6294879902871
0.014	1.6283145987724
0.015	1.6271432871428
0.016	1.6259740495183
0.017	1.6248068800416
0.018	1.6236417728782
0.019	1.6224787222158
0.020	1.6213177222647
0.021	1.6201587672571
0.022	1.6190018514476
0.023	1.6178469691127
0.024	1.6166941145511
0.025	1.6155432820828
0.026	1.6143944660500
0.027	1.6132476608162
0.028	1.6121028607666
0.029	1.6109600603076
0.030	1.6098192538671
0.031	1.6086804358941
0.032	1.6075436008585
0.033	1.6064087432515
0.034	1.6052758575851
0.035	1.6041449383920
0.036	1.6030159802256
0.037	1.6018889776600
0.038	1.6007639252896
0.039	1.5996408177294
0.040	1.5985196496147
0.041	1.5974004156007
0.042	1.5962831103630
0.043	1.5951677285972
0.044	1.5940542650186
0.045	1.5929427143626
0.046	1.5918330713842
0.047	1.5907253308578
0.048	1.5896194875778
0.049	1.5885155363577
0.050	1.5874134720304
0.051	1.5863132894482
0.052	1.5852149834825
0.053	1.5841185490238
0.054	1.5830239809816
0.055	1.5819312742842
0.056	1.5808404238789
0.057	1.5797514247315
0.058	1.5786642718267
0.059	1.5775789601675
0.060	1.5764954847756
0.061	1.5754138406910
0.062	1.5743340229719
0.063	1.5732560266947
0.064	1.5721798469542
0.065	1.5711054788628
0.066	1.5700329175514
0.067	1.5689621581682
0.068	1.5678931958796
0.069	1.5668260258696
0.070	1.5657606433398
0.071	1.5646970435093
0.072	1.5636352216147
0.073	1.5625751729100
0.074	1.5615168926666
0.075	1.5604603761729
0.076	1.5594056187346
0.077	1.5583526156746
0.078	1.5573013623324
0.079	1.5562518540647
0.080	1.5552040862450
0.081	1.5541580542636
0.082	1.5531137535272
0.083	1.5520711794595
0.084	1.5510303275004
0.085	1.5499911931065
0.086	1.5489537717505
0.087	1.5479180589217
0.088	1.5468840501255
0.089	1.5458517408833
0.090	1.5448211267329
0.091	1.5437922032277
0.092	1.5427649659375
0.093	1.5417394104476
0.094	1.5407155323593
0.095	1.5396933272894
0.096	1.5386727908706
0.097	1.5376539187511
0.098	1.5366367065945
0.099	1.5356211500800
0.100	1.5346072449019
0.101	1.5335949867702
0.102	1.5325843714098
0.103	1.5315753945609
0.104	1.5305680519788
0.105	1.5295623394337
0.106	1.5285582527110
0.107	1.5275557876108
0.108	1.5265549399481
0.109	1.5255557055525
0.110	1.5245580802687
0.111	1.5235620599555
0.112	1.5225676404867
0.113	1.5215748177504
0.114	1.5205835876492
0.115	1.5195939460999
0.116	1.5186058890339
0.117	1.5176194123966
0.118	1.5166345121478
0.119	1.5156511842611
0.120	1.5146694247244
0.121	1.5136892295397
0.122	1.5127105947226
0.123	1.5117335163029
0.124	1.5107579903239
0.125	1.5097840128429
0.126	1.5088115799308
0.127	1.5078406876720
0.128	1.5068713321648
0.129	1.5059035095207
0.130	1.5049372158647
0.131	1.5039724473354
0.132	1.5030092000844
0.133	1.5020474702769
0.134	1.5010872540912
0.135	1.5001285477186
0.136	1.4991713473637
0.137	1.4982156492441
0.138	1.4972614495904
0.139	1.4963087446460
0.140	1.4953575306674
0.141	1.4944078039238
0.142	1.4934595606971
0.143	1.4925127972821
0.144	1.4915675099860
0.145	1.4906236951288
0.146	1.4896813490429
0.147	1.4887404680735
0.148	1.4878010485778
0.149	1.4868630869257
0.150	1.4859265794993
0.151	1.4849915226930
0.152	1.4840579129135
0.153	1.4831257465795
0.154	1.4821950201221
0.155	1.4812657299841
0.156	1.4803378726207
0.157	1.4794114444988
0.158	1.4784864420973
0.159	1.4775628619071
0.160	1.4766407004306
0.161	1.4757199541822
0.162	1.4748006196880
0.163	1.4738826934858
0.164	1.4729661721248
0.165	1.4720510521659
0.166	1.4711373301817
0.167	1.4702250027560
0.168	1.4693140664841
0.169	1.4684045179726
0.170	1.4674963538397
0.171	1.4665895707145
0.172	1.4656841652376
0.173	1.4647801340607
0.174	1.4638774738466
0.175	1.4629761812693
0.176	1.4620762530135
0.177	1.4611776857755
0.178	1.4602804762619
0.179	1.4593846211906
0.180	1.4584901172903
0.181	1.4575969613004
0.182	1.4567051499712
0.183	1.4558146800636
0.184	1.4549255483492
0.185	1.4540377516103
0.186	1.4531512866397
0.187	1.4522661502409
0.188	1.4513823392276
0.189	1.4504998504243
0.190	1.4496186806658
0.191	1.4487388267970
0.192	1.4478602856735
0.193	1.4469830541611
0.194	1.4461071291357
0.195	1.4452325074834
0.196	1.4443591861007
0.197	1.4434871618939
0.198	1.4426164317795
0.199	1.4417469926842
0.200	1.4408788415445
0.201	1.4400119753068
0.202	1.4391463909276
0.203	1.4382820853731
0.204	1.4374190556195
0.205	1.4365572986525
0.206	1.4356968114679
0.207	1.4348375910709
0.208	1.4339796344766
0.209	1.4331229387097
0.210	1.4322675008042
0.211	1.4314133178040
0.212	1.4305603867625
0.213	1.4297087047422
0.214	1.4288582688154
0.215	1.4280090760638
0.216	1.4271611235782
0.217	1.4263144084589
0.218	1.4254689278154
0.219	1.4246246787665
0.220	1.4237816584402
0.221	1.4229398639737
0.222	1.4220992925132
0.223	1.4212599412142
0.224	1.4204218072410
0.225	1.4195848877672
0.226	1.4187491799752
0.227	1.4179146810564
0.228	1.4170813882111
0.229	1.4162492986486
0.230	1.4154184095867
0.231	1.4145887182525
0.232	1.4137602218815
0.233	1.4129329177180
0.234	1.4121068030152
0.235	1.4112818750347
0.236	1.4104581310468
0.237	1.4096355683306
0.238	1.4088141841736
0.239	1.4079939758717
0.240	1.4071749407296
0.241	1.4063570760602
0.242	1.4055403791849
0.243	1.4047248474337
0.244	1.4039104781446
0.245	1.4030972686642
0.246	1.4022852163472
0.247	1.4014743185569
0.248	1.4006645726643
0.249	1.3998559760492
0.250	1.3990485260990
0.251	1.3982422202097
0.252	1.3974370557851
0.253	1.3966330302372
0.254	1.3958301409859
0.255	1.3950283854594
0.256	1.3942277610935
0.257	1.3934282653322
0.258	1.3926298956273
0.259	1.3918326494386
0.260	1.3910365242337
0.261	1.3902415174878
0.262	1.3894476266842
0.263	1.3886548493138
0.264	1.3878631828753
0.265	1.3870726248751
0.266	1.3862831728271
0.267	1.3854948242531
0.268	1.3847075766822
0.269	1.3839214276514
0.270	1.3831363747051
0.271	1.3823524153952
0.272	1.3815695472811
0.273	1.3807877679296
0.274	1.3800070749151
0.275	1.3792274658194
0.276	1.3784489382314
0.277	1.3776714897476
0.278	1.3768951179718
0.279	1.3761198205151
0.280	1.3753455949956
0.281	1.3745724390391
0.282	1.3738003502781
0.283	1.3730293263527
0.284	1.3722593649100
0.285	1.3714904636040
0.286	1.3707226200963
0.287	1.3699558320550
0.288	1.3691900971556
0.289	1.3684254130806
0.290	1.3676617775194
0.291	1.3668991881683
0.292	1.3661376427307
0.293	1.3653771389168
0.294	1.3646176744437
0.295	1.3638592470353
0.296	1.3631018544225
0.297	1.3623454943429
0.298	1.3615901645408
0.299	1.3608358627675
0.300	1.3600825867806
0.301	1.3593303343449
0.302	1.3585791032315
0.303	1.3578288912183
0.304	1.3570796960899
0.305	1.3563315156373
0.306	1.3555843476583
0.307	1.3548381899572
0.308	1.3540930403446
0.309	1.3533488966379
0.310	1.3526057566608
0.311	1.3518636182435
0.312	1.3511224792227
0.313	1.3503823374414
0.314	1.3496431907490
0.315	1.3489050370013
0.316	1.3481678740605
0.317	1.3474316997949
0.318	1.3466965120793
0.319	1.3459623087946
0.320	1.3452290878280
0.321	1.3444968470731
0.322	1.3437655844293
0.323	1.3430352978026
0.324	1.3423059851048
0.325	1.3415776442540
0.326	1.3408502731743
0.327	1.3401238697961
0.328	1.3393984320556
0.329	1.3386739578951
0.330	1.3379504452630
0.331	1.3372278921137
0.332	1.3365062964073
0.333	1.3357856561103
0.334	1.3350659691947
0.335	1.3343472336386
0.336	1.3336294474260
0.337	1.3329126085467
0.338	1.3321967149963
0.339	1.3314817647763
0.340	1.3307677558940
0.341	1.3300546863623
0.342	1.3293425542001
0.343	1.3286313574318
0.344	1.3279210940877
0.345	1.3272117622036
0.346	1.3265033598212
0.347	1.3257958849877
0.348	1.3250893357559
0.349	1.3243837101842
0.350	1.3236790063368
0.351	1.3229752222831
0.352	1.3222723560984
0.353	1.3215704058632
0.354	1.3208693696639
0.355	1.3201692455920
0.356	1.3194700317446
0.357	1.3187717262244
0.358	1.3180743271392
0.359	1.3173778326026
0.360	1.3166822407333
0.361	1.3159875496553
0.362	1.3152937574984
0.363	1.3146008623971
0.364	1.3139088624917
0.365	1.3132177559277
0.366	1.3125275408555
0.367	1.3118382154314
0.368	1.3111497778162
0.369	1.3104622261766
0.370	1.3097755586840
0.371	1.3090897735152
0.372	1.3084048688521
0.373	1.3077208428818
0.374	1.3070376937964
0.375	1.3063554197933
0.376	1.3056740190746
0.377	1.3049934898480
0.378	1.3043138303258
0.379	1.3036350387256
0.380	1.3029571132698
0.381	1.3022800521860
0.382	1.3016038537067
0.383	1.3009285160693
0.384	1.3002540375161
0.385	1.2995804162945
0.386	1.2989076506566
0.387	1.2982357388597
0.388	1.2975646791656
0.389	1.2968944698412
0.390	1.2962251091581
0.391	1.2955565953928
0.392	1.2948889268266
0.393	1.2942221017456
0.394	1.2935561184406
0.395	1.2928909752071
0.396	1.2922266703456
0.397	1.2915632021609
0.398	1.2909005689630
0.399	1.2902387690662
0.400	1.2895778007896
0.401	1.2889176624569
0.402	1.2882583523966
0.403	1.2875998689416
0.404	1.2869422104296
0.405	1.2862853752027
0.406	1.2856293616078
0.407	1.2849741679960
0.408	1.2843197927234
0.409	1.2836662341503
0.410	1.2830134906416
0.411	1.2823615605666
0.412	1.2817104422993
0.413	1.2810601342179
0.414	1.2804106347052
0.415	1.2797619421485
0.416	1.2791140549394
0.417	1.2784669714737
0.418	1.2778206901521
0.419	1.2771752093792
0.420	1.2765305275641
0.421	1.2758866431203
0.422	1.2752435544656
0.423	1.2746012600222
0.424	1.2739597582162
0.425	1.2733190474786
0.426	1.2726791262441
0.427	1.2720399929519
0.428	1.2714016460456
0.429	1.2707640839726
0.430	1.2701273051849
0.431	1.2694913081384
0.432	1.2688560912935
0.433	1.2682216531144
0.434	1.2675879920698
0.435	1.2669551066321
0.436	1.2663229952783
0.437	1.2656916564893
0.438	1.2650610887499
0.439	1.2644312905492
0.440	1.2638022603805
0.441	1.2631739967407
0.442	1.2625464981312
0.443	1.2619197630572
0.444	1.2612937900279
0.445	1.2606685775565
0.446	1.2600441241603
0.447	1.2594204283604
0.448	1.2587974886821
0.449	1.2581753036542
0.450	1.2575538718100
0.451	1.2569331916862
0.452	1.2563132618238
0.453	1.2556940807674
0.454	1.2550756470657
0.455	1.2544579592710
0.456	1.2538410159397
0.457	1.2532248156319
0.458	1.2526093569116
0.459	1.2519946383466
0.460	1.2513806585084
0.461	1.2507674159724
0.462	1.2501549093176
0.463	1.2495431371271
0.464	1.2489320979874
0.465	1.2483217904889
0.466	1.2477122132256
0.467	1.2471033647955
0.468	1.2464952437999
0.469	1.2458878488440
0.470	1.2452811785368
0.471	1.2446752314907
0.472	1.2440700063219
0.473	1.2434655016502
0.474	1.2428617160989
0.475	1.2422586482952
0.476	1.2416562968697
0.477	1.2410546604565
0.478	1.2404537376935
0.479	1.2398535272221
0.480	1.2392540276871
0.481	1.2386552377370
0.482	1.2380571560237
0.483	1.2374597812028
0.484	1.2368631119333
0.485	1.2362671468776
0.486	1.2356718847018
0.487	1.2350773240753
0.488	1.2344834636709
0.489	1.2338903021651
0.490	1.2332978382376
0.491	1.2327060705717
0.492	1.2321149978539
0.493	1.2315246187744
0.494	1.2309349320264
0.495	1.2303459363069
0.496	1.2297576303160
0.497	1.2291700127572
0.498	1.2285830823374
0.499	1.2279968377669
0.500	1.2274112777591
0.501	1.2268264010309
0.502	1.2262422063024
0.503	1.2256586922972
0.504	1.2250758577419
0.505	1.2244937013665
0.506	1.2239122219043
0.507	1.2233314180919
0.508	1.2227512886689
0.509	1.2221718323783
0.510	1.2215930479664
0.511	1.2210149341826
0.512	1.2204374897793
0.513	1.2198607135126
0.514	1.2192846041412
0.515	1.2187091604274
0.516	1.2181343811364
0.517	1.2175602650366
0.518	1.2169868108997
0.519	1.2164140175004
0.520	1.2158418836164
0.521	1.2152704080286
0.522	1.2146995895212
0.523	1.2141294268811
0.524	1.2135599188986
0.525	1.2129910643669
0.526	1.2124228620823
0.527	1.2118553108441
0.528	1.2112884094548
0.529	1.2107221567197
0.530	1.2101565514473
0.531	1.2095915924489
0.532	1.2090272785390
0.533	1.2084636085351
0.534	1.2079005812575
0.535	1.2073381955296
0.536	1.2067764501778
0.537	1.2062153440312
0.538	1.2056548759221
0.539	1.2050950446856
0.540	1.2045358491599
0.541	1.2039772881859
0.542	1.2034193606074
0.543	1.2028620652713
0.544	1.2023054010272
0.545	1.2017493667277
0.546	1.2011939612282
0.547	1.2006391833868
0.548	1.2000850320648
0.549	1.1995315061261
0.550	1.1989786044375
0.551	1.1984263258685
0.552	1.1978746692917
0.553	1.1973236335821
0.554	1.1967732176179
0.555	1.1962234202797
0.556	1.1956742404513
0.557	1.1951256770189
0.558	1.1945777288717
0.559	1.1940303949015
0.560	1.1934836740029
0.561	1.1929375650732
0.562	1.1923920670126
0.563	1.1918471787237
0.564	1.1913028991121
0.565	1.1907592270859
0.566	1.1902161615561
0.567	1.1896737014362
0.568	1.1891318456423
0.569	1.1885905930935
0.570	1.1880499427113
0.571	1.1875098934198
0.572	1.1869704441460
0.573	1.1864315938193
0.574	1.1858933413718
0.575	1.1853556857383
0.576	1.1848186258560
0.577	1.1842821606650
0.578	1.1837462891076
0.579	1.1832110101292
0.580	1.1826763226772
0.581	1.1821422257020
0.582	1.1816087181565
0.583	1.1810757989959
0.584	1.1805434671781
0.585	1.1800117216637
0.586	1.1794805614156
0.587	1.1789499853994
0.588	1.1784199925829
0.589	1.1778905819367
0.590	1.1773617524339
0.591	1.1768335030500
0.592	1.1763058327629
0.593	1.1757787405531
0.594	1.1752522254035
0.595	1.1747262862996
0.596	1.1742009222291
0.597	1.1736761321824
0.598	1.1731519151522
0.599	1.1726282701335
0.600	1.1721051961242
0.601	1.1715826921240
0.602	1.1710607571353
0.603	1.1705393901631
0.604	1.1700185902145
0.605	1.1694983562991
0.606	1.1689786874287
0.607	1.1684595826178
0.608	1.1679410408830
0.609	1.1674230612435
0.610	1.1669056427204
0.611	1.1663887843377
0.612	1.1658724851214
0.613	1.1653567440999
0.614	1.1648415603038
0.615	1.1643269327663
0.616	1.1638128605227
0.617	1.1632993426106
0.618	1.1627863780700
0.619	1.1622739659430
0.620	1.1617621052742
0.621	1.1612507951104
0.622	1.1607400345005
0.623	1.1602298224960
0.624	1.1597201581503
0.625	1.1592110405192
0.626	1.1587024686607
0.627	1.1581944416352
0.628	1.1576869585051
0.629	1.1571800183350
0.630	1.1566736201921
0.631	1.1561677631452
0.632	1.1556624462659
0.633	1.1551576686275
0.634	1.1546534293057
0.635	1.1541497273786
0.636	1.1536465619260
0.637	1.1531439320302
0.638	1.1526418367756
0.639	1.1521402752488
0.640	1.1516392465382
0.641	1.1511387497349
0.642	1.1506387839317
0.643	1.1501393482236
0.644	1.1496404417079
0.645	1.1491420634840
0.646	1.1486442126531
0.647	1.1481468883188
0.648	1.1476500895867
0.649	1.1471538155646
0.650	1.1466580653621
0.651	1.1461628380912
0.652	1.1456681328658
0.653	1.1451739488019
0.654	1.1446802850175
0.655	1.1441871406327
0.656	1.1436945147697
0.657	1.1432024065527
0.658	1.1427108151079
0.659	1.1422197395636
0.660	1.1417291790499
0.661	1.1412391326994
0.662	1.1407495996461
0.663	1.1402605790265
0.664	1.1397720699788
0.665	1.1392840716434
0.666	1.1387965831625
0.667	1.1383096036804
0.668	1.1378231323433
0.669	1.1373371682995
0.670	1.1368517106991
0.671	1.1363667586943
0.672	1.1358823114391
0.673	1.1353983680896
0.674	1.1349149278038
0.675	1.1344319897415
0.676	1.1339495530646
0.677	1.1334676169369
0.678	1.1329861805240
0.679	1.1325052429935
0.680	1.1320248035150
0.681	1.1315448612599
0.682	1.1310654154013
0.683	1.1305864651146
0.684	1.1301080095767
0.685	1.1296300479668
0.686	1.1291525794654
0.687	1.1286756032555
0.688	1.1281991185215
0.689	1.1277231244498
0.690	1.1272476202288
0.691	1.1267726050484
0.692	1.1262980781008
0.693	1.1258240385797
0.694	1.1253504856806
0.695	1.1248774186011
0.696	1.1244048365405
0.697	1.1239327386998
0.698	1.1234611242819
0.699	1.1229899924915
0.700	1.1225193425352
0.701	1.1220491736211
0.702	1.1215794849595
0.703	1.1211102757622
0.704	1.1206415452428
0.705	1.1201732926167
0.706	1.1197055171013
0.707	1.1192382179153
0.708	1.1187713942795
0.709	1.1183050454165
0.710	1.1178391705503
0.711	1.1173737689071
0.712	1.1169088397144
0.713	1.1164443822017
0.714	1.1159803956002
0.715	1.1155168791428
0.716	1.1150538320640
0.717	1.1145912536003
0.718	1.1141291429896
0.719	1.1136674994716
0.720	1.1132063222879
0.721	1.1127456106815
0.722	1.1122853638972
0.723	1.1118255811817
0.724	1.1113662617829
0.725	1.1109074049509
0.726	1.1104490099371
0.727	1.1099910759947
0.728	1.1095336023787
0.729	1.1090765883454
0.730	1.1086200331532
0.731	1.1081639360617
0.732	1.1077082963326
0.733	1.1072531132287
0.734	1.1067983860150
0.735	1.1063441139578
0.736	1.1058902963250
0.737	1.1054369323862
0.738	1.1049840214127
0.739	1.1045315626773
0.740	1.1040795554544
0.741	1.1036279990201
0.742	1.1031768926520
0.743	1.1027262356294
0.744	1.1022760272330
0.745	1.1018262667452
0.746	1.1013769534501
0.747	1.1009280866332
0.748	1.1004796655816
0.749	1.1000316895840
0.750	1.0995841579307
0.751	1.0991370699135
0.752	1.0986904248257
0.753	1.0982442219622
0.754	1.0977984606196
0.755	1.0973531400957
0.756	1.0969082596902
0.757	1.0964638187042
0.758	1.0960198164401
0.759	1.0955762522021
0.760	1.0951331252959
0.761	1.0946904350286
0.762	1.0942481807088
0.763	1.0938063616468
0.764	1.0933649771542
0.765	1.0929240265441
0.766	1.0924835091312
0.767	1.0920434242318
0.768	1.0916037711633
0.769	1.0911645492450
0.770	1.0907257577974
0.771	1.0902873961425
0.772	1.0898494636040
0.773	1.0894119595068
0.774	1.0889748831775
0.775	1.0885382339438
0.776	1.0881020111352
0.777	1.0876662140825
0.778	1.0872308421180
0.779	1.0867958945754
0.780	1.0863613707899
0.781	1.0859272700979
0.782	1.0854935918376
0.783	1.0850603353483
0.784	1.0846274999710
0.785	1.0841950850478
0.786	1.0837630899225
0.787	1.0833315139402
0.788	1.0829003564474
0.789	1.0824696167920
0.790	1.0820392943233
0.791	1.0816093883920
0.792	1.0811798983501
0.793	1.0807508235512
0.794	1.0803221633502
0.795	1.0798939171032
0.796	1.0794660841679
0.797	1.0790386639033
0.798	1.0786116556697
0.799	1.0781850588289
0.800	1.0777588727439
0.801	1.0773330967791
0.802	1.0769077303005
0.803	1.0764827726750
0.804	1.0760582232713
0.805	1.0756340814591
0.806	1.0752103466096
0.807	1.0747870180953
0.808	1.0743640952900
0.809	1.0739415775690
0.810	1.0735194643087
0.811	1.0730977548869
0.812	1.0726764486827
0.813	1.0722555450767
0.814	1.0718350434504
0.815	1.0714149431871
0.816	1.0709952436711
0.817	1.0705759442880
0.818	1.0701570444248
0.819	1.0697385434697
0.820	1.0693204408124
0.821	1.0689027358435
0.822	1.0684854279553
0.823	1.0680685165411
0.824	1.0676520009956
0.825	1.0672358807148
0.826	1.0668201550957
0.827	1.0664048235370
0.828	1.0659898854383
0.829	1.0655753402006
0.830	1.0651611872262
0.831	1.0647474259186
0.832	1.0643340556826
0.833	1.0639210759240
0.834	1.0635084860503
0.835	1.0630962854697
0.836	1.0626844735922
0.837	1.0622730498285
0.838	1.0618620135909
0.839	1.0614513642927
0.840	1.0610411013486
0.841	1.0606312241745
0.842	1.0602217321873
0.843	1.0598126248054
0.844	1.0594039014483
0.845	1.0589955615365
0.846	1.0585876044920
0.847	1.0581800297379
0.848	1.0577728366985
0.849	1.0573660247993
0.850	1.0569595934668
0.851	1.0565535421290
0.852	1.0561478702150
0.853	1.0557425771548
0.854	1.0553376623800
0.855	1.0549331253231
0.856	1.0545289654179
0.857	1.0541251820992
0.858	1.0537217748032
0.859	1.0533187429671
0.860	1.0529160860292
0.861	1.0525138034292
0.862	1.0521118946078
0.863	1.0517103590068
0.864	1.0513091960693
0.865	1.0509084052393
0.866	1.0505079859622
0.867	1.0501079376845
0.868	1.0497082598536
0.869	1.0493089519184
0.870	1.0489100133285
0.871	1.0485114435351
0.872	1.0481132419901
0.873	1.0477154081469
0.874	1.0473179414596
0.875	1.0469208413838
0.876	1.0465241073759
0.877	1.0461277388937
0.878	1.0457317353959
0.879	1.0453360963424
0.880	1.0449408211942
0.881	1.0445459094132
0.882	1.0441513604628
0.883	1.0437571738071
0.884	1.0433633489114
0.885	1.0429698852423
0.886	1.0425767822672
0.887	1.0421840394547
0.888	1.0417916562745
0.889	1.0413996321973
0.890	1.0410079666949
0.891	1.0406166592404
0.892	1.0402257093075
0.893	1.0398351163713
0.894	1.0394448799080
0.895	1.0390549993946
0.896	1.0386654743093
0.897	1.0382763041314
0.898	1.0378874883413
0.899	1.0374990264202
0.900	1.0371109178505
0.901	1.0367231621157
0.902	1.0363357587003
0.903	1.0359487070897
0.904	1.0355620067705
0.905	1.0351756572304
0.906	1.0347896579579
0.907	1.0344040084426
0.908	1.0340187081752
0.909	1.0336337566474
0.910	1.0332491533520
0.911	1.0328648977825
0.912	1.0324809894338
0.913	1.0320974278015
0.914	1.0317142123825
0.915	1.0313313426745
0.916	1.0309488181763
0.917	1.0305666383876
0.918	1.0301848028091
0.919	1.0298033109427
0.920	1.0294221622911
0.921	1.0290413563580
0.922	1.0286608926481
0.923	1.0282807706672
0.924	1.0279009899220
0.925	1.0275215499201
0.926	1.0271424501702
0.927	1.0267636901819
0.928	1.0263852694659
0.929	1.0260071875337
0.930	1.0256294438978
0.931	1.0252520380717
0.932	1.0248749695700
0.933	1.0244982379081
0.934	1.0241218426023
0.935	1.0237457831701
0.936	1.0233700591296
0.937	1.0229946700002
0.938	1.0226196153021
0.939	1.0222448945565
0.940	1.0218705072853
0.941	1.0214964530117
0.942	1.0211227312596
0.943	1.0207493415540
0.944	1.0203762834207
0.945	1.0200035563864
0.946	1.0196311599790
0.947	1.0192590937269
0.948	1.0188873571599
0.949	1.0185159498083
0.950	1.0181448712037
0.951	1.0177741208782
0.952	1.0174036983653
0.953	1.0170336031989
0.954	1.0166638349143
0.955	1.0162943930473
0.956	1.0159252771348
0.957	1.0155564867148
0.958	1.0151880213258
0.959	1.0148198805074
0.960	1.0144520638001
0.961	1.0140845707454
0.962	1.0137174008855
0.963	1.0133505537636
0.964	1.0129840289238
0.965	1.0126178259109
0.966	1.0122519442709
0.967	1.0118863835504
0.968	1.0115211432972
0.969	1.0111562230595
0.970	1.0107916223869
0.971	1.0104273408294
0.972	1.0100633779384
0.973	1.0096997332656
0.974	1.0093364063639
0.975	1.0089733967871
0.976	1.0086107040897
0.977	1.0082483278271
0.978	1.0078862675557
0.979	1.0075245228326
0.980	1.0071630932157
0.981	1.0068019782640
0.982	1.0064411775371
0.983	1.0060806905955
0.984	1.0057205170008
0.985	1.0053606563151
0.986	1.0050011081015
0.987	1.0046418719240
0.988	1.0042829473473
0.989	1.0039243339370
0.990	1.0035660312595
0.991	1.0032080388822
0.992	1.0028503563731
0.993	1.0024929833011
0.994	1.0021359192360
0.995	1.0017791637484
0.996	1.0014227164096
0.997	1.0010665767920
0.998	1.0007107444684
0.999	1.0003552190129
1.000	1.0000000000000
1.001	0.9996450870052
1.002	0.9992904796049
1.003	0.9989361773760
1.004	0.9985821798966
1.005	0.9982284867453
1.006	0.9978750975017
1.007	0.9975220117460
1.008	0.9971692290593
1.009	0.9968167490237
1.010	0.9964645712216
1.011	0.9961126952368
1.012	0.9957611206534
1.013	0.9954098470565
1.014	0.9950588740320
1.015	0.9947082011666
1.016	0.9943578280475
1.017	0.9940077542632
1.018	0.9936579794025
1.019	0.9933085030552
1.020	0.9929593248119
1.021	0.9926104442639
1.022	0.9922618610032
1.023	0.9919135746227
1.024	0.9915655847161
1.025	0.9912178908778
1.026	0.9908704927029
1.027	0.9905233897872
1.028	0.9901765817276
1.029	0.9898300681214
1.030	0.9894838485669
1.031	0.9891379226630
1.032	0.9887922900093
1.033	0.9884469502065
1.034	0.9881019028555
1.035	0.9877571475586
1.036	0.9874126839182
1.037	0.9870685115379
1.038	0.9867246300219
1.039	0.9863810389751
1.040	0.9860377380031
1.041	0.9856947267124
1.042	0.9853520047102
1.043	0.9850095716042
1.044	0.9846674270031
1.045	0.9843255705163
1.046	0.9839840017539
1.047	0.9836427203265
1.048	0.9833017258458
1.049	0.9829610179240
1.050	0.9826205961740
1.051	0.9822804602096
1.052	0.9819406096451
1.053	0.9816010440957
1.054	0.9812617631772
1.055	0.9809227665062
1.056	0.9805840537000
1.057	0.9802456243764
1.058	0.9799074781542
1.059	0.9795696146529
1.060	0.9792320334924
1.061	0.9788947342935
1.062	0.9785577166779
1.063	0.9782209802676
1.064	0.9778845246856
1.065	0.9775483495555
1.066	0.9772124545015
1.067	0.9768768391487
1.068	0.9765415031227
1.069	0.9762064460500
1.070	0.9758716675574
1.071	0.9755371672728
1.072	0.9752029448247
1.073	0.9748689998421
1.074	0.9745353319548
1.075	0.9742019407933
1.076	0.9738688259888
1.077	0.9735359871730
1.078	0.9732034239786
1.079	0.9728711360386
1.080	0.9725391229869
1.081	0.9722073844581
1.082	0.9718759200873
1.083	0.9715447295105
1.084	0.9712138123641
1.085	0.9708831682853
1.086	0.9705527969120
1.087	0.9702226978827
1.088	0.9698928708366
1.089	0.9695633154136
1.090	0.9692340312540
1.091	0.9689050179992
1.092	0.9685762752908
1.093	0.9682478027714
1.094	0.9679196000840
1.095	0.9675916668724
1.096	0.9672640027811
1.097	0.9669366074550
1.098	0.9666094805399
1.099	0.9662826216821
1.100	0.9659560305287
1.101	0.9656297067271
1.102	0.9653036499257
1.103	0.9649778597735
1.104	0.9646523359198
1.105	0.9643270780150
1.106	0.9640020857098
1.107	0.9636773586556
1.108	0.9633528965046
1.109	0.9630286989094
1.110	0.9627047655233
1.111	0.9623810960004
1.112	0.9620576899951
1.113	0.9617345471627
1.114	0.9614116671590
1.115	0.9610890496404
1.116	0.9607666942640
1.117	0.9604446006875
1.118	0.9601227685692
1.119	0.9598011975680
1.120	0.9594798873434
1.121	0.9591588375555
1.122	0.9588380478651
1.123	0.9585175179335
1.124	0.9581972474227
1.125	0.9578772359953
1.126	0.9575574833145
1.127	0.9572379890439
1.128	0.9569187528481
1.129	0.9565997743919
1.130	0.9562810533410
1.131	0.9559625893615
1.132	0.9556443821202
1.133	0.9553264312845
1.134	0.9550087365223
1.135	0.9546912975022
1.136	0.9543741138934
1.137	0.9540571853655
1.138	0.9537405115889
1.139	0.9534240922345
1.140	0.9531079269738
1.141	0.9527920154789
1.142	0.9524763574225
1.143	0.9521609524777
1.144	0.9518458003186
1.145	0.9515309006193
1.146	0.9512162530550
1.147	0.9509018573011
1.148	0.9505877130339
1.149	0.9502738199300
1.150	0.9499601776668
1.151	0.9496467859220
1.152	0.9493336443741
1.153	0.9490207527022
1.154	0.9487081105857
1.155	0.9483957177048
1.156	0.9480835737402
1.157	0.9477716783731
1.158	0.9474600312854
1.159	0.9471486321595
1.160	0.9468374806782
1.161	0.9465265765252
1.162	0.9462159193844
1.163	0.9459055089405
1.164	0.9455953448786
1.165	0.9452854268845
1.166	0.9449757546445
1.167	0.9446663278453
1.168	0.9443571461743
1.169	0.9440482093196
1.170	0.9437395169694
1.171	0.9434310688130
1.172	0.9431228645398
1.173	0.9428149038399
1.174	0.9425071864041
1.175	0.9421997119234
1.176	0.9418924800897
1.177	0.9415854905952
1.178	0.9412787431327
1.179	0.9409722373955
1.180	0.9406659730776
1.181	0.9403599498734
1.182	0.9400541674778
1.183	0.9397486255863
1.184	0.9394433238949
1.185	0.9391382621002
1.186	0.9388334398992
1.187	0.9385288569895
1.188	0.9382245130693
1.189	0.9379204078372
1.190	0.9376165409924
1.191	0.9373129122346
1.192	0.9370095212640
1.193	0.9367063677813
1.194	0.9364034514879
1.195	0.9361007720854
1.196	0.9357983292761
1.197	0.9354961227630
1.198	0.9351941522492
1.199	0.9348924174387
1.200	0.9345909180358
1.201	0.9342896537453
1.202	0.9339886242727
1.203	0.9336878293237
1.204	0.9333872686049
1.205	0.9330869418230
1.206	0.9327868486855
1.207	0.9324869889003
1.208	0.9321873621758
1.209	0.9318879682208
1.210	0.9315888067449
1.211	0.9312898774580
1.212	0.9309911800703
1.213	0.9306927142929
1.214	0.9303944798372
1.215	0.9300964764150
1.216	0.9297987037387
1.217	0.9295011615213
1.218	0.9292038494761
1.219	0.9289067673170
1.220	0.9286099147583
1.221	0.9283132915150
1.222	0.9280168973023
1.223	0.9277207318360
1.224	0.9274247948326
1.225	0.9271290860087
1.226	0.9268336050817
1.227	0.9265383517693
1.228	0.9262433257899
1.229	0.9259485268620
1.230	0.9256539547049
1.231	0.9253596090384
1.232	0.9250654895825
1.233	0.9247715960579
1.234	0.9244779281858
1.235	0.9241844856877
1.236	0.9238912682856
1.237	0.9235982757022
1.238	0.9233055076604
1.239	0.9230129638837
1.240	0.9227206440961
1.241	0.9224285480220
1.242	0.9221366753862
1.243	0.9218450259141
1.244	0.9215535993316
1.245	0.9212623953648
1.246	0.9209714137406
1.247	0.9206806541862
1.248	0.9203901164292
1.249	0.9200998001978
1.250	0.9198097052205
1.251	0.9195198312264
1.252	0.9192301779450
1.253	0.9189407451063
1.254	0.9186515324406
1.255	0.9183625396789
1.256	0.9180737665524
1.257	0.9177852127930
1.258	0.9174968781329
1.259	0.9172087623047
1.260	0.9169208650416
1.261	0.9166331860772
1.262	0.9163457251454
1.263	0.9160584819808
1.264	0.9157714563183
1.265	0.9154846478932
1.266	0.9151980564413
1.267	0.9149116816990
1.268	0.9146255234028
1.269	0.9143395812900
1.270	0.9140538550980
1.271	0.9137683445649
1.272	0.9134830494292
1.273	0.9131979694297
1.274	0.9129131043058
1.275	0.9126284537972
1.276	0.9123440176441
1.277	0.9120597955872
1.278	0.9117757873675
1.279	0.9114919927264
1.280	0.9112084114060
1.281	0.9109250431486
1.282	0.9106418876969
1.283	0.9103589447942
1.284	0.9100762141840
1.285	0.9097936956106
1.286	0.9095113888183
1.287	0.9092292935521
1.288	0.9089474095572
1.289	0.9086657365796
1.290	0.9083842743653
1.291	0.9081030226609
1.292	0.9078219812135
1.293	0.9075411497705
1.294	0.9072605280798
1.295	0.9069801158897
1.296	0.9066999129488
1.297	0.9064199190063
1.298	0.9061401338116
1.299	0.9058605571148
1.300	0.9055811886661
1.301	0.9053020282164
1.302	0.9050230755167
1.303	0.9047443303188
1.304	0.9044657923746
1.305	0.9041874614365
1.306	0.9039093372572
1.307	0.9036314195901
1.308	0.9033537081888
1.309	0.9030762028072
1.310	0.9027989031998
1.311	0.9025218091215
1.312	0.9022449203275
1.313	0.9019682365734
1.314	0.9016917576153
1.315	0.9014154832096
1.316	0.9011394131132
1.317	0.9008635470833
1.318	0.9005878848776
1.319	0.9003124262540
1.320	0.9000371709710
1.321	0.8997621187875
1.322	0.8994872694626
1.323	0.8992126227561
1.324	0.8989381784278
1.325	0.8986639362382
1.326	0.8983898959481
1.327	0.8981160573187
1.328	0.8978424201115
1.329	0.8975689840884
1.330	0.8972957490120
1.331	0.8970227146448
1.332	0.8967498807500
1.333	0.8964772470911
1.334	0.8962048134321
1.335	0.8959325795370
1.336	0.8956605451708
1.337	0.8953887100983
1.338	0.8951170740850
1.339	0.8948456368967
1.340	0.8945743982996
1.341	0.8943033580602
1.342	0.8940325159455
1.343	0.8937618717228
1.344	0.8934914251598
1.345	0.8932211760246
1.346	0.8929511240856
1.347	0.8926812691117
1.348	0.8924116108719
1.349	0.8921421491360
1.350	0.8918728836738
1.351	0.8916038142557
1.352	0.8913349406523
1.353	0.8910662626347
1.354	0.8907977799742
1.355	0.8905294924428
1.356	0.8902613998125
1.357	0.8899935018559
1.358	0.8897257983459
1.359	0.8894582890557
1.360	0.8891909737589
1.361	0.8889238522295
1.362	0.8886569242419
1.363	0.8883901895708
1.364	0.8881236479913
1.365	0.8878572992787
1.366	0.8875911432089
1.367	0.8873251795580
1.368	0.8870594081025
1.369	0.8867938286194
1.370	0.8865284408857
1.371	0.8862632446792
1.372	0.8859982397777
1.373	0.8857334259596
1.374	0.8854688030034
1.375	0.8852043706882
1.376	0.8849401287934
1.377	0.8846760770986
1.378	0.8844122153838
1.379	0.8841485434296
1.380	0.8838850610167
1.381	0.8836217679261
1.382	0.8833586639394
1.383	0.8830957488383
1.384	0.8828330224049
1.385	0.8825704844219
1.386	0.8823081346719
1.387	0.8820459729383
1.388	0.8817839990045
1.389	0.8815222126544
1.390	0.8812606136722
1.391	0.8809992018426
1.392	0.8807379769503
1.393	0.8804769387807
1.394	0.8802160871193
1.395	0.8799554217521
1.396	0.8796949424652
1.397	0.8794346490454
1.398	0.8791745412795
1.399	0.8789146189549
1.400	0.8786548818590
1.401	0.8783953297800
1.402	0.8781359625060
1.403	0.8778767798257
1.404	0.8776177815280
1.405	0.8773589674023
1.406	0.8771003372380
1.407	0.8768418908253
1.408	0.8765836279542
1.409	0.8763255484155
1.410	0.8760676520001
1.411	0.8758099384993
1.412	0.8755524077046
1.413	0.8752950594079
1.414	0.8750378934016
1.415	0.8747809094781
1.416	0.8745241074304
1.417	0.8742674870517
1.418	0.8740110481355
1.419	0.8737547904758
1.420	0.8734987138667
1.421	0.8732428181027
1.422	0.8729871029787
1.423	0.8727315682898
1.424	0.8724762138315
1.425	0.8722210393996
1.426	0.8719660447902
1.427	0.8717112297998
1.428	0.8714565942251
1.429	0.8712021378632
1.430	0.8709478605114
1.431	0.8706937619675
1.432	0.8704398420295
1.433	0.8701861004958
1.434	0.8699325371649
1.435	0.8696791518358
1.436	0.8694259443078
1.437	0.8691729143806
1.438	0.8689200618539
1.439	0.8686673865280
1.440	0.8684148882035
1.441	0.8681625666811
1.442	0.8679104217619
1.443	0.8676584532475
1.444	0.8674066609396
1.445	0.8671550446402
1.446	0.8669036041518
1.447	0.8666523392769
1.448	0.8664012498186
1.449	0.8661503355801
1.450	0.8658995963651
1.451	0.8656490319774
1.452	0.8653986422213
1.453	0.8651484269011
1.454	0.8648983858218
1.455	0.8646485187884
1.456	0.8643988256063
1.457	0.8641493060813
1.458	0.8638999600193
1.459	0.8636507872266
1.460	0.8634017875098
1.461	0.8631529606759
1.462	0.8629043065319
1.463	0.8626558248855
1.464	0.8624075155443
1.465	0.8621593783166
1.466	0.8619114130105
1.467	0.8616636194349
1.468	0.8614159973987
1.469	0.8611685467111
1.470	0.8609212671816
1.471	0.8606741586202
1.472	0.8604272208370
1.473	0.8601804536423
1.474	0.8599338568470
1.475	0.8596874302619
1.476	0.8594411736984
1.477	0.8591950869681
1.478	0.8589491698829
1.479	0.8587034222548
1.480	0.8584578438964
1.481	0.8582124346203
1.482	0.8579671942396
1.483	0.8577221225677
1.484	0.8574772194179
1.485	0.8572324846044
1.486	0.8569879179411
1.487	0.8567435192425
1.488	0.8564992883234
1.489	0.8562552249988
1.490	0.8560113290838
1.491	0.8557676003942
1.492	0.8555240387457
1.493	0.8552806439544
1.494	0.8550374158368
1.495	0.8547943542096
1.496	0.8545514588896
1.497	0.8543087296942
1.498	0.8540661664408
1.499	0.8538237689472
1.500	0.8535815370316
1.501	0.8533394705121
1.502	0.8530975692076
1.503	0.8528558329368
1.504	0.8526142615188
1.505	0.8523728547733
1.506	0.8521316125197
1.507	0.8518905345783
1.508	0.8516496207691
1.509	0.8514088709127
1.510	0.8511682848299
1.511	0.8509278623418
1.512	0.8506876032697
1.513	0.8504475074353
1.514	0.8502075746603
1.515	0.8499678047669
1.516	0.8497281975776
1.517	0.8494887529150
1.518	0.8492494706021
1.519	0.8490103504620
1.520	0.8487713923183
1.521	0.8485325959946
1.522	0.8482939613150
1.523	0.8480554881038
1.524	0.8478171761855
1.525	0.8475790253848
1.526	0.8473410355269
1.527	0.8471032064370
1.528	0.8468655379407
1.529	0.8466280298639
1.530	0.8463906820327
1.531	0.8461534942734
1.532	0.8459164664127
1.533	0.8456795982774
1.534	0.8454428896947
1.535	0.8452063404919
1.536	0.8449699504968
1.537	0.8447337195372
1.538	0.8444976474413
1.539	0.8442617340376
1.540	0.8440259791546
1.541	0.8437903826214
1.542	0.8435549442672
1.543	0.8433196639213
1.544	0.8430845414134
1.545	0.8428495765736
1.546	0.8426147692321
1.547	0.8423801192192
1.548	0.8421456263656
1.549	0.8419112905025
1.550	0.8416771114609
1.551	0.8414430890723
1.552	0.8412092231684
1.553	0.8409755135812
1.554	0.8407419601429
1.555	0.8405085626859
1.556	0.8402753210430
1.557	0.8400422350471
1.558	0.8398093045314
1.559	0.8395765293294
1.560	0.8393439092746
1.561	0.8391114442012
1.562	0.8388791339431
1.563	0.8386469783350
1.564	0.8384149772114
1.565	0.8381831304073
1.566	0.8379514377578
1.567	0.8377198990983
1.568	0.8374885142645
1.569	0.8372572830923
1.570	0.8370262054177
1.571	0.8367952810772
1.572	0.8365645099073
1.573	0.8363338917449
1.574	0.8361034264272
1.575	0.8358731137913
1.576	0.8356429536749
1.577	0.8354129459158
1.578	0.8351830903521
1.579	0.8349533868219
1.580	0.8347238351639
1.581	0.8344944352168
1.582	0.8342651868195
1.583	0.8340360898114
1.584	0.8338071440317
1.585	0.8335783493204
1.586	0.8333497055172
1.587	0.8331212124624
1.588	0.8328928699964
1.589	0.8326646779597
1.590	0.8324366361932
1.591	0.8322087445381
1.592	0.8319810028356
1.593	0.8317534109274
1.594	0.8315259686552
1.595	0.8312986758610
1.596	0.8310715323871
1.597	0.8308445380759
1.598	0.8306176927702
1.599	0.8303909963130
1.600	0.8301644485473
1.601	0.8299380493165
1.602	0.8297117984644
1.603	0.8294856958347
1.604	0.8292597412714
1.605	0.8290339346191
1.606	0.8288082757220
1.607	0.8285827644251
1.608	0.8283574005732
1.609	0.8281321840116
1.610	0.8279071145857
1.611	0.8276821921411
1.612	0.8274574165238
1.613	0.8272327875798
1.614	0.8270083051554
1.615	0.8267839690972
1.616	0.8265597792520
1.617	0.8263357354667
1.618	0.8261118375885
1.619	0.8258880854649
1.620	0.8256644789434
1.621	0.8254410178721
1.622	0.8252177020989
1.623	0.8249945314722
1.624	0.8247715058404
1.625	0.8245486250524
1.626	0.8243258889571
1.627	0.8241032974036
1.628	0.8238808502413
1.629	0.8236585473199
1.630	0.8234363884892
1.631	0.8232143735992
1.632	0.8229925025002
1.633	0.8227707750426
1.634	0.8225491910772
1.635	0.8223277504547
1.636	0.8221064530265
1.637	0.8218852986436
1.638	0.8216642871578
1.639	0.8214434184208
1.640	0.8212226922845
1.641	0.8210021086010
1.642	0.8207816672229
1.643	0.8205613680026
1.644	0.8203412107930
1.645	0.8201211954471
1.646	0.8199013218182
1.647	0.8196815897596
1.648	0.8194619991251
1.649	0.8192425497684
1.650	0.8190232415437
1.651	0.8188040743051
1.652	0.8185850479073
1.653	0.8183661622049
1.654	0.8181474170527
1.655	0.8179288123059
1.656	0.8177103478197
1.657	0.8174920234498
1.658	0.8172738390518
1.659	0.8170557944816
1.660	0.8168378895953
1.661	0.8166201242493
1.662	0.8164024983002
1.663	0.8161850116046
1.664	0.8159676640195
1.665	0.8157504554021
1.666	0.8155333856096
1.667	0.8153164544997
1.668	0.8150996619301
1.669	0.8148830077587
1.670	0.8146664918437
1.671	0.8144501140435
1.672	0.8142338742165
1.673	0.8140177722216
1.674	0.8138018079177
1.675	0.8135859811640
1.676	0.8133702918197
1.677	0.8131547397445
1.678	0.8129393247982
1.679	0.8127240468405
1.680	0.8125089057317
1.681	0.8122939013322
1.682	0.8120790335024
1.683	0.8118643021031
1.684	0.8116497069952
1.685	0.8114352480399
1.686	0.8112209250984
1.687	0.8110067380323
1.688	0.8107926867033
1.689	0.8105787709732
1.690	0.8103649907043
1.691	0.8101513457586
1.692	0.8099378359989
1.693	0.8097244612876
1.694	0.8095112214878
1.695	0.8092981164624
1.696	0.8090851460746
1.697	0.8088723101881
1.698	0.8086596086663
1.699	0.8084470413731
1.700	0.8082346081725
1.701	0.8080223089287
1.702	0.8078101435062
1.703	0.8075981117694
1.704	0.8073862135832
1.705	0.8071744488125
1.706	0.8069628173226
1.707	0.8067513189786
1.708	0.8065399536462
1.709	0.8063287211910
1.710	0.8061176214790
1.711	0.8059066543762
1.712	0.8056958197490
1.713	0.8054851174637
1.714	0.8052745473871
1.715	0.8050641093859
1.716	0.8048538033271
1.717	0.8046436290781
1.718	0.8044335865061
1.719	0.8042236754787
1.720	0.8040138958636
1.721	0.8038042475289
1.722	0.8035947303426
1.723	0.8033853441730
1.724	0.8031760888887
1.725	0.8029669643582
1.726	0.8027579704504
1.727	0.8025491070344
1.728	0.8023403739793
1.729	0.8021317711546
1.730	0.8019232984299
1.731	0.8017149556748
1.732	0.8015067427593
1.733	0.8012986595535
1.734	0.8010907059278
1.735	0.8008828817525
1.736	0.8006751868983
1.737	0.8004676212361
1.738	0.8002601846369
1.739	0.8000528769718
1.740	0.7998456981122
1.741	0.7996386479297
1.742	0.7994317262959
1.743	0.7992249330827
1.744	0.7990182681623
1.745	0.7988117314068
1.746	0.7986053226887
1.747	0.7983990418805
1.748	0.7981928888550
1.749	0.7979868634853
1.750	0.7977809656443
1.751	0.7975751952053
1.752	0.7973695520420
1.753	0.7971640360278
1.754	0.7969586470365
1.755	0.7967533849423
1.756	0.7965482496192
1.757	0.7963432409415
1.758	0.7961383587837
1.759	0.7959336030206
1.760	0.7957289735270
1.761	0.7955244701778
1.762	0.7953200928484
1.763	0.7951158414139
1.764	0.7949117157499
1.765	0.7947077157322
1.766	0.7945038412366
1.767	0.7943000921392
1.768	0.7940964683160
1.769	0.7938929696436
1.770	0.7936895959984
1.771	0.7934863472572
1.772	0.7932832232968
1.773	0.7930802239942
1.774	0.7928773492268
1.775	0.7926745988718
1.776	0.7924719728067
1.777	0.7922694709094
1.778	0.7920670930577
1.779	0.7918648391296
1.780	0.7916627090033
1.781	0.7914607025572
1.782	0.7912588196698
1.783	0.7910570602199
1.784	0.7908554240863
1.785	0.7906539111480
1.786	0.7904525212842
1.787	0.7902512543743
1.788	0.7900501102978
1.789	0.7898490889343
1.790	0.7896481901638
1.791	0.7894474138662
1.792	0.7892467599217
1.793	0.7890462282107
1.794	0.7888458186135
1.795	0.7886455310110
1.796	0.7884453652838
1.797	0.7882453213129
1.798	0.7880453989796
1.799	0.7878455981651
1.800	0.7876459187508
1.801	0.7874463606183
1.802	0.7872469236495
1.803	0.7870476077263
1.804	0.7868484127308
1.805	0.7866493385451
1.806	0.7864503850518
1.807	0.7862515521333
1.808	0.7860528396725
1.809	0.7858542475521
1.810	0.7856557756553
1.811	0.7854574238652
1.812	0.7852591920651
1.813	0.7850610801387
1.814	0.7848630879695
1.815	0.7846652154413
1.816	0.7844674624382
1.817	0.7842698288443
1.818	0.7840723145439
1.819	0.7838749194213
1.820	0.7836776433612
1.821	0.7834804862484
1.822	0.7832834479677
1.823	0.7830865284042
1.824	0.7828897274431
1.825	0.7826930449698
1.826	0.7824964808697
1.827	0.7823000350286
1.828	0.7821037073323
1.829	0.7819074976668
1.830	0.7817114059181
1.831	0.7815154319726
1.832	0.7813195757166
1.833	0.7811238370368
1.834	0.7809282158199
1.835	0.7807327119527
1.836	0.7805373253224
1.837	0.7803420558160
1.838	0.7801469033209
1.839	0.7799518677246
1.840	0.7797569489147
1.841	0.7795621467790
1.842	0.7793674612054
1.843	0.7791728920820
1.844	0.7789784392970
1.845	0.7787841027388
1.846	0.7785898822959
1.847	0.7783957778570
1.848	0.7782017893109
1.849	0.7780079165465
1.850	0.7778141594529
1.851	0.7776205179195
1.852	0.7774269918356
1.853	0.7772335810907
1.854	0.7770402855746
1.855	0.7768471051770
1.856	0.7766540397880
1.857	0.7764610892977
1.858	0.7762682535964
1.859	0.7760755325745
1.860	0.7758829261225
1.861	0.7756904341312
1.862	0.7754980564913
1.863	0.7753057930940
1.864	0.7751136438303
1.865	0.7749216085915
1.866	0.7747296872690
1.867	0.7745378797545
1.868	0.7743461859395
1.869	0.7741546057160
1.870	0.7739631389760
1.871	0.7737717856115
1.872	0.7735805455149
1.873	0.7733894185786
1.874	0.7731984046951
1.875	0.7730075037571
1.876	0.7728167156575
1.877	0.7726260402893
1.878	0.7724354775455
1.879	0.7722450273194
1.880	0.7720546895045
1.881	0.7718644639942
1.882	0.7716743506822
1.883	0.7714843494624
1.884	0.7712944602287
1.885	0.7711046828752
1.886	0.7709150172961
1.887	0.7707254633858
1.888	0.7705360210388
1.889	0.7703466901498
1.890	0.7701574706135
1.891	0.7699683623248
1.892	0.7697793651788
1.893	0.7695904790708
1.894	0.7694017038959
1.895	0.7692130395497
1.896	0.7690244859278
1.897	0.7688360429259
1.898	0.7686477104399
1.899	0.7684594883658
1.900	0.7682713765998
1.901	0.7680833750380
1.902	0.7678954835770
1.903	0.7677077021132
1.904	0.7675200305434
1.905	0.7673324687643
1.906	0.7671450166729
1.907	0.7669576741664
1.908	0.7667704411418
1.909	0.7665833174965
1.910	0.7663963031281
1.911	0.7662093979342
1.912	0.7660226018124
1.913	0.7658359146606
1.914	0.7656493363769
1.915	0.7654628668594
1.916	0.7652765060064
1.917	0.7650902537163
1.918	0.7649041098876
1.919	0.7647180744189
1.920	0.7645321472091
1.921	0.7643463281571
1.922	0.7641606171620
1.923	0.7639750141228
1.924	0.7637895189391
1.925	0.7636041315101
1.926	0.7634188517355
1.927	0.7632336795150
1.928	0.7630486147483
1.929	0.7628636573356
1.930	0.7626788071768
1.931	0.7624940641721
1.932	0.7623094282220
1.933	0.7621248992268
1.934	0.7619404770873
1.935	0.7617561617041
1.936	0.7615719529780
1.937	0.7613878508101
1.938	0.7612038551015
1.939	0.7610199657534
1.940	0.7608361826671
1.941	0.7606525057442
1.942	0.7604689348863
1.943	0.7602854699951
1.944	0.7601021109724
1.945	0.7599188577204
1.946	0.7597357101410
1.947	0.7595526681365
1.948	0.7593697316094
1.949	0.7591869004620
1.950	0.7590041745970
1.951	0.7588215539172
1.952	0.7586390383254
1.953	0.7584566277246
1.954	0.7582743220178
1.955	0.7580921211084
1.956	0.7579100248997
1.957	0.7577280332952
1.958	0.7575461461985
1.959	0.7573643635132
1.960	0.7571826851433
1.961	0.7570011109928
1.962	0.7568196409656
1.963	0.7566382749661
1.964	0.7564570128986
1.965	0.7562758546674
1.966	0.7560948001773
1.967	0.7559138493328
1.968	0.7557330020389
1.969	0.7555522582005
1.970	0.7553716177225
1.971	0.7551910805103
1.972	0.7550106464690
1.973	0.7548303155042
1.974	0.7546500875214
1.975	0.7544699624261
1.976	0.7542899401243
1.977	0.7541100205217
1.978	0.7539302035245
1.979	0.7537504890388
1.980	0.7535708769707
1.981	0.7533913672267
1.982	0.7532119597133
1.983	0.7530326543371
1.984	0.7528534510047
1.985	0.7526743496231
1.986	0.7524953500993
1.987	0.7523164523402
1.988	0.7521376562531
1.989	0.7519589617452
1.990	0.7517803687241
1.991	0.7516018770973
1.992	0.7514234867724
1.993	0.7512451976572
1.994	0.7510670096596
1.995	0.7508889226876
1.996	0.7507109366493
1.997	0.7505330514530
1.998	0.7503552670070
1.999	0.7501775832198
2.000	0.7500000000000
