0.000	1.6449340668463
0.001	1.6437330912304
0.002	1.6425342740537
0.003	1.6413376091310
0.004	1.6401430903014
0.005	1.6389507114281
0.006	1.6377604663980
0.007	1.6365723491222
0.008	1.6353863535352
0.009	1.6342024735952
0.010	1.6330207032839
0.011	1.6318410366063
0.012	1.6306634675906
0.013	1.6294879902882
0.014	1.6283145987735
0.015	1.6271432871439
0.016	1.6259740495194
0.017	1.6248068800427
0.018	1.6236417728793
0.019	1.6224787222170
0.020	1.6213177222658
0.021	1.6201587672582
0.022	1.6190018514487
0.023	1.6178469691138
0.024	1.6166941145522
0.025	1.6155432820839
0.026	1.6143944660511
0.027	1.6132476608173
0.028	1.6121028607677
0.029	1.6109600603087
0.030	1.6098192538682
0.031	1.6086804358951
0.032	1.6075436008596
0.033	1.6064087432526
0.034	1.6052758575862
0.035	1.6041449383931
0.036	1.6030159802267
0.037	1.6018889776611
0.038	1.6007639252907
0.039	1.5996408177305
0.040	1.5985196496157
0.041	1.5974004156018
0.042	1.5962831103641
0.043	1.5951677285983
0.044	1.5940542650197
0.045	1.5929427143637
0.046	1.5918330713852
0.047	1.5907253308589
0.048	1.5896194875789
0.049	1.5885155363587
0.050	1.5874134720314
0.051	1.5863132894493
0.052	1.5852149834836
0.053	1.5841185490249
0.054	1.5830239809827
0.055	1.5819312742853
0.056	1.5808404238799
0.057	1.5797514247325
0.058	1.5786642718277
0.059	1.5775789601686
0.060	1.5764954847767
0.061	1.5754138406920
0.062	1.5743340229729
0.063	1.5732560266958
0.064	1.5721798469552
0.065	1.5711054788639
0.066	1.5700329175524
0.067	1.5689621581692
0.068	1.5678931958807
0.069	1.5668260258707
0.070	1.5657606433408
0.071	1.5646970435103
0.072	1.5636352216157
0.073	1.5625751729110
0.074	1.5615168926676
0.075	1.5604603761739
0.076	1.5594056187357
0.077	1.5583526156756
0.078	1.5573013623334
0.079	1.5562518540657
0.080	1.5552040862460
0.081	1.5541580542646
0.082	1.5531137535282
0.083	1.5520711794605
0.084	1.5510303275014
0.085	1.5499911931075
0.086	1.5489537717515
0.087	1.5479180589227
0.088	1.5468840501265
0.089	1.5458517408843
0.090	1.5448211267338
0.091	1.5437922032287
0.092	1.5427649659385
0.093	1.5417394104486
0.094	1.5407155323602
0.095	1.5396933272904
0.096	1.5386727908716
0.097	1.5376539187521
0.098	1.5366367065955
0.099	1.5356211500809
0.100	1.5346072449029
0.101	1.5335949867712
0.102	1.5325843714108
0.103	1.5315753945619
0.104	1.5305680519797
0.105	1.5295623394347
0.106	1.5285582527120
0.107	1.5275557876118
0.108	1.5265549399490
0.109	1.5255557055535
0.110	1.5245580802696
0.111	1.5235620599565
0.112	1.5225676404877
0.113	1.5215748177514
0.114	1.5205835876501
0.115	1.5195939461009
0.116	1.5186058890349
0.117	1.5176194123976
0.118	1.5166345121487
0.119	1.5156511842620
0.120	1.5146694247254
0.121	1.5136892295407
0.122	1.5127105947236
0.123	1.5117335163038
0.124	1.5107579903248
0.125	1.5097840128438
0.126	1.5088115799317
0.127	1.5078406876730
0.128	1.5068713321657
0.129	1.5059035095216
0.130	1.5049372158657
0.131	1.5039724473363
0.132	1.5030092000854
0.133	1.5020474702779
0.134	1.5010872540921
0.135	1.5001285477195
0.136	1.4991713473646
0.137	1.4982156492450
0.138	1.4972614495913
0.139	1.4963087446469
0.140	1.4953575306683
0.141	1.4944078039247
0.142	1.4934595606980
0.143	1.4925127972830
0.144	1.4915675099869
0.145	1.4906236951297
0.146	1.4896813490438
0.147	1.4887404680744
0.148	1.4878010485787
0.149	1.4868630869266
0.150	1.4859265795002
0.151	1.4849915226939
0.152	1.4840579129143
0.153	1.4831257465804
0.154	1.4821950201229
0.155	1.4812657299850
0.156	1.4803378726216
0.157	1.4794114444997
0.158	1.4784864420982
0.159	1.4775628619079
0.160	1.4766407004314
0.161	1.4757199541831
0.162	1.4748006196889
0.163	1.4738826934866
0.164	1.4729661721256
0.165	1.4720510521668
0.166	1.4711373301826
0.167	1.4702250027569
0.168	1.4693140664849
0.169	1.4684045179735
0.170	1.4674963538405
0.171	1.4665895707154
0.172	1.4656841652385
0.173	1.4647801340616
0.174	1.4638774738475
0.175	1.4629761812701
0.176	1.4620762530144
0.177	1.4611776857763
0.178	1.4602804762627
0.179	1.4593846211915
0.180	1.4584901172912
0.181	1.4575969613013
0.182	1.4567051499721
0.183	1.4558146800644
0.184	1.4549255483500
0.185	1.4540377516111
0.186	1.4531512866406
0.187	1.4522661502417
0.188	1.4513823392285
0.189	1.4504998504252
0.190	1.4496186806666
0.191	1.4487388267978
0.192	1.4478602856744
0.193	1.4469830541619
0.194	1.4461071291365
0.195	1.4452325074842
0.196	1.4443591861015
0.197	1.4434871618947
0.198	1.4426164317804
0.199	1.4417469926851
0.200	1.4408788415453
0.201	1.4400119753077
0.202	1.4391463909284
0.203	1.4382820853740
0.204	1.4374190556203
0.205	1.4365572986533
0.206	1.4356968114687
0.207	1.4348375910717
0.208	1.4339796344775
0.209	1.4331229387105
0.210	1.4322675008050
0.211	1.4314133178048
0.212	1.4305603867633
0.213	1.4297087047430
0.214	1.4288582688162
0.215	1.4280090760646
0.216	1.4271611235790
0.217	1.4263144084596
0.218	1.4254689278162
0.219	1.4246246787673
0.220	1.4237816584410
0.221	1.4229398639745
0.222	1.4220992925140
0.223	1.4212599412150
0.224	1.4204218072418
0.225	1.4195848877680
0.226	1.4187491799760
0.227	1.4179146810572
0.228	1.4170813882119
0.229	1.4162492986493
0.230	1.4154184095875
0.231	1.4145887182533
0.232	1.4137602218823
0.233	1.4129329177188
0.234	1.4121068030160
0.235	1.4112818750354
0.236	1.4104581310476
0.237	1.4096355683314
0.238	1.4088141841743
0.239	1.4079939758725
0.240	1.4071749407304
0.241	1.4063570760609
0.242	1.4055403791857
0.243	1.4047248474344
0.244	1.4039104781453
0.245	1.4030972686649
0.246	1.4022852163480
0.247	1.4014743185576
0.248	1.4006645726651
0.249	1.3998559760499
0.250	1.3990485260998
0.251	1.3982422202105
0.252	1.3974370557859
0.253	1.3966330302379
0.254	1.3958301409867
0.255	1.3950283854601
0.256	1.3942277610942
0.257	1.3934282653329
0.258	1.3926298956281
0.259	1.3918326494394
0.260	1.3910365242344
0.261	1.3902415174885
0.262	1.3894476266849
0.263	1.3886548493146
0.264	1.3878631828761
0.265	1.3870726248758
0.266	1.3862831728278
0.267	1.3854948242538
0.268	1.3847075766829
0.269	1.3839214276522
0.270	1.3831363747058
0.271	1.3823524153959
0.272	1.3815695472818
0.273	1.3807877679303
0.274	1.3800070749159
0.275	1.3792274658201
0.276	1.3784489382321
0.277	1.3776714897483
0.278	1.3768951179725
0.279	1.3761198205158
0.280	1.3753455949963
0.281	1.3745724390398
0.282	1.3738003502788
0.283	1.3730293263534
0.284	1.3722593649107
0.285	1.3714904636047
0.286	1.3707226200970
0.287	1.3699558320557
0.288	1.3691900971563
0.289	1.3684254130813
0.290	1.3676617775201
0.291	1.3668991881690
0.292	1.3661376427314
0.293	1.3653771389175
0.294	1.3646176744443
0.295	1.3638592470360
0.296	1.3631018544232
0.297	1.3623454943436
0.298	1.3615901645415
0.299	1.3608358627681
0.300	1.3600825867813
0.301	1.3593303343455
0.302	1.3585791032321
0.303	1.3578288912190
0.304	1.3570796960905
0.305	1.3563315156380
0.306	1.3555843476590
0.307	1.3548381899578
0.308	1.3540930403452
0.309	1.3533488966385
0.310	1.3526057566614
0.311	1.3518636182441
0.312	1.3511224792233
0.313	1.3503823374420
0.314	1.3496431907496
0.315	1.3489050370020
0.316	1.3481678740611
0.317	1.3474316997955
0.318	1.3466965120799
0.319	1.3459623087952
0.320	1.3452290878287
0.321	1.3444968470737
0.322	1.3437655844300
0.323	1.3430352978032
0.324	1.3423059851054
0.325	1.3415776442546
0.326	1.3408502731750
0.327	1.3401238697967
0.328	1.3393984320562
0.329	1.3386739578957
0.330	1.3379504452637
0.331	1.3372278921143
0.332	1.3365062964080
0.333	1.3357856561109
0.334	1.3350659691953
0.335	1.3343472336393
0.336	1.3336294474267
0.337	1.3329126085474
0.338	1.3321967149970
0.339	1.3314817647770
0.340	1.3307677558946
0.341	1.3300546863629
0.342	1.3293425542007
0.343	1.3286313574324
0.344	1.3279210940883
0.345	1.3272117622042
0.346	1.3265033598218
0.347	1.3257958849883
0.348	1.3250893357565
0.349	1.3243837101848
0.350	1.3236790063374
0.351	1.3229752222837
0.352	1.3222723560990
0.353	1.3215704058638
0.354	1.3208693696645
0.355	1.3201692455926
0.356	1.3194700317452
0.357	1.3187717262250
0.358	1.3180743271398
0.359	1.3173778326032
0.360	1.3166822407339
0.361	1.3159875496559
0.362	1.3152937574990
0.363	1.3146008623977
0.364	1.3139088624923
0.365	1.3132177559282
0.366	1.3125275408561
0.367	1.3118382154319
0.368	1.3111497778168
0.369	1.3104622261772
0.370	1.3097755586846
0.371	1.3090897735158
0.372	1.3084048688527
0.373	1.3077208428824
0.374	1.3070376937970
0.375	1.3063554197938
0.376	1.3056740190752
0.377	1.3049934898486
0.378	1.3043138303264
0.379	1.3036350387262
0.380	1.3029571132704
0.381	1.3022800521866
0.382	1.3016038537073
0.383	1.3009285160698
0.384	1.3002540375166
0.385	1.2995804162950
0.386	1.2989076506572
0.387	1.2982357388603
0.388	1.2975646791662
0.389	1.2968944698418
0.390	1.2962251091587
0.391	1.2955565953934
0.392	1.2948889268272
0.393	1.2942221017462
0.394	1.2935561184411
0.395	1.2928909752077
0.396	1.2922266703461
0.397	1.2915632021615
0.398	1.2909005689636
0.399	1.2902387690667
0.400	1.2895778007901
0.401	1.2889176624574
0.402	1.2882583523971
0.403	1.2875998689421
0.404	1.2869422104301
0.405	1.2862853752033
0.406	1.2856293616083
0.407	1.2849741679966
0.408	1.2843197927240
0.409	1.2836662341508
0.410	1.2830134906421
0.411	1.2823615605671
0.412	1.2817104422998
0.413	1.2810601342184
0.414	1.2804106347058
0.415	1.2797619421491
0.416	1.2791140549399
0.417	1.2784669714743
0.418	1.2778206901526
0.419	1.2771752093797
0.420	1.2765305275646
0.421	1.2758866431208
0.422	1.2752435544662
0.423	1.2746012600227
0.424	1.2739597582168
0.425	1.2733190474791
0.426	1.2726791262446
0.427	1.2720399929524
0.428	1.2714016460461
0.429	1.2707640839731
0.430	1.2701273051854
0.431	1.2694913081389
0.432	1.2688560912940
0.433	1.2682216531149
0.434	1.2675879920703
0.435	1.2669551066326
0.436	1.2663229952788
0.437	1.2656916564898
0.438	1.2650610887504
0.439	1.2644312905497
0.440	1.2638022603810
0.441	1.2631739967412
0.442	1.2625464981317
0.443	1.2619197630577
0.444	1.2612937900284
0.445	1.2606685775570
0.446	1.2600441241608
0.447	1.2594204283609
0.448	1.2587974886825
0.449	1.2581753036547
0.450	1.2575538718105
0.451	1.2569331916867
0.452	1.2563132618243
0.453	1.2556940807679
0.454	1.2550756470662
0.455	1.2544579592715
0.456	1.2538410159402
0.457	1.2532248156324
0.458	1.2526093569121
0.459	1.2519946383471
0.460	1.2513806585089
0.461	1.2507674159728
0.462	1.2501549093181
0.463	1.2495431371276
0.464	1.2489320979878
0.465	1.2483217904893
0.466	1.2477122132261
0.467	1.2471033647959
0.468	1.2464952438003
0.469	1.2458878488445
0.470	1.2452811785373
0.471	1.2446752314912
0.472	1.2440700063224
0.473	1.2434655016506
0.474	1.2428617160994
0.475	1.2422586482957
0.476	1.2416562968702
0.477	1.2410546604570
0.478	1.2404537376940
0.479	1.2398535272225
0.480	1.2392540276875
0.481	1.2386552377374
0.482	1.2380571560242
0.483	1.2374597812033
0.484	1.2368631119337
0.485	1.2362671468781
0.486	1.2356718847023
0.487	1.2350773240757
0.488	1.2344834636714
0.489	1.2338903021655
0.490	1.2332978382381
0.491	1.2327060705721
0.492	1.2321149978544
0.493	1.2315246187748
0.494	1.2309349320269
0.495	1.2303459363074
0.496	1.2297576303164
0.497	1.2291700127577
0.498	1.2285830823379
0.499	1.2279968377673
0.500	1.2274112777595
0.501	1.2268264010313
0.502	1.2262422063028
0.503	1.2256586922976
0.504	1.2250758577423
0.505	1.2244937013669
0.506	1.2239122219047
0.507	1.2233314180923
0.508	1.2227512886693
0.509	1.2221718323787
0.510	1.2215930479668
0.511	1.2210149341830
0.512	1.2204374897797
0.513	1.2198607135130
0.514	1.2192846041416
0.515	1.2187091604278
0.516	1.2181343811368
0.517	1.2175602650370
0.518	1.2169868109001
0.519	1.2164140175008
0.520	1.2158418836168
0.521	1.2152704080290
0.522	1.2146995895216
0.523	1.2141294268815
0.524	1.2135599188990
0.525	1.2129910643673
0.526	1.2124228620827
0.527	1.2118553108445
0.528	1.2112884094552
0.529	1.2107221567201
0.530	1.2101565514476
0.531	1.2095915924493
0.532	1.2090272785394
0.533	1.2084636085355
0.534	1.2079005812579
0.535	1.2073381955300
0.536	1.2067764501781
0.537	1.2062153440315
0.538	1.2056548759224
0.539	1.2050950446860
0.540	1.2045358491603
0.541	1.2039772881862
0.542	1.2034193606078
0.543	1.2028620652717
0.544	1.2023054010276
0.545	1.2017493667281
0.546	1.2011939612285
0.547	1.2006391833872
0.548	1.2000850320652
0.549	1.1995315061265
0.550	1.1989786044379
0.551	1.1984263258689
0.552	1.1978746692920
0.553	1.1973236335825
0.554	1.1967732176182
0.555	1.1962234202801
0.556	1.1956742404517
0.557	1.1951256770193
0.558	1.1945777288721
0.559	1.1940303949019
0.560	1.1934836740033
0.561	1.1929375650736
0.562	1.1923920670129
0.563	1.1918471787241
0.564	1.1913028991125
0.565	1.1907592270863
0.566	1.1902161615565
0.567	1.1896737014365
0.568	1.1891318456427
0.569	1.1885905930939
0.570	1.1880499427116
0.571	1.1875098934202
0.572	1.1869704441464
0.573	1.1864315938197
0.574	1.1858933413722
0.575	1.1853556857386
0.576	1.1848186258564
0.577	1.1842821606653
0.578	1.1837462891080
0.579	1.1832110101295
0.580	1.1826763226775
0.581	1.1821422257024
0.582	1.1816087181568
0.583	1.1810757989962
0.584	1.1805434671785
0.585	1.1800117216641
0.586	1.1794805614160
0.587	1.1789499853997
0.588	1.1784199925832
0.589	1.1778905819371
0.590	1.1773617524343
0.591	1.1768335030503
0.592	1.1763058327632
0.593	1.1757787405534
0.594	1.1752522254038
0.595	1.1747262862999
0.596	1.1742009222294
0.597	1.1736761321827
0.598	1.1731519151525
0.599	1.1726282701339
0.600	1.1721051961245
0.601	1.1715826921243
0.602	1.1710607571357
0.603	1.1705393901635
0.604	1.1700185902148
0.605	1.1694983562994
0.606	1.1689786874290
0.607	1.1684595826181
0.608	1.1679410408834
0.609	1.1674230612438
0.610	1.1669056427207
0.611	1.1663887843380
0.612	1.1658724851217
0.613	1.1653567441002
0.614	1.1648415603041
0.615	1.1643269327666
0.616	1.1638128605230
0.617	1.1632993426109
0.618	1.1627863780703
0.619	1.1622739659433
0.620	1.1617621052745
0.621	1.1612507951107
0.622	1.1607400345008
0.623	1.1602298224963
0.624	1.1597201581505
0.625	1.1592110405194
0.626	1.1587024686610
0.627	1.1581944416355
0.628	1.1576869585053
0.629	1.1571800183353
0.630	1.1566736201924
0.631	1.1561677631455
0.632	1.1556624462661
0.633	1.1551576686278
0.634	1.1546534293060
0.635	1.1541497273789
0.636	1.1536465619263
0.637	1.1531439320305
0.638	1.1526418367759
0.639	1.1521402752490
0.640	1.1516392465385
0.641	1.1511387497352
0.642	1.1506387839319
0.643	1.1501393482239
0.644	1.1496404417082
0.645	1.1491420634842
0.646	1.1486442126534
0.647	1.1481468883191
0.648	1.1476500895870
0.649	1.1471538155649
0.650	1.1466580653624
0.651	1.1461628380915
0.652	1.1456681328661
0.653	1.1451739488022
0.654	1.1446802850177
0.655	1.1441871406330
0.656	1.1436945147700
0.657	1.1432024065530
0.658	1.1427108151082
0.659	1.1422197395638
0.660	1.1417291790502
0.661	1.1412391326996
0.662	1.1407495996464
0.663	1.1402605790267
0.664	1.1397720699791
0.665	1.1392840716436
0.666	1.1387965831627
0.667	1.1383096036806
0.668	1.1378231323436
0.669	1.1373371682998
0.670	1.1368517106994
0.671	1.1363667586945
0.672	1.1358823114394
0.673	1.1353983680899
0.674	1.1349149278040
0.675	1.1344319897417
0.676	1.1339495530649
0.677	1.1334676169371
0.678	1.1329861805242
0.679	1.1325052429938
0.680	1.1320248035153
0.681	1.1315448612601
0.682	1.1310654154015
0.683	1.1305864651148
0.684	1.1301080095770
0.685	1.1296300479670
0.686	1.1291525794657
0.687	1.1286756032557
0.688	1.1281991185217
0.689	1.1277231244501
0.690	1.1272476202290
0.691	1.1267726050487
0.692	1.1262980781010
0.693	1.1258240385799
0.694	1.1253504856808
0.695	1.1248774186014
0.696	1.1244048365407
0.697	1.1239327387000
0.698	1.1234611242821
0.699	1.1229899924917
0.700	1.1225193425354
0.701	1.1220491736213
0.702	1.1215794849597
0.703	1.1211102757624
0.704	1.1206415452430
0.705	1.1201732926170
0.706	1.1197055171015
0.707	1.1192382179155
0.708	1.1187713942797
0.709	1.1183050454167
0.710	1.1178391705505
0.711	1.1173737689073
0.712	1.1169088397146
0.713	1.1164443822019
0.714	1.1159803956004
0.715	1.1155168791430
0.716	1.1150538320643
0.717	1.1145912536005
0.718	1.1141291429898
0.719	1.1136674994719
0.720	1.1132063222881
0.721	1.1127456106817
0.722	1.1122853638974
0.723	1.1118255811819
0.724	1.1113662617831
0.725	1.1109074049511
0.726	1.1104490099373
0.727	1.1099910759949
0.728	1.1095336023789
0.729	1.1090765883456
0.730	1.1086200331534
0.731	1.1081639360619
0.732	1.1077082963328
0.733	1.1072531132289
0.734	1.1067983860152
0.735	1.1063441139580
0.736	1.1058902963251
0.737	1.1054369323864
0.738	1.1049840214129
0.739	1.1045315626775
0.740	1.1040795554546
0.741	1.1036279990203
0.742	1.1031768926522
0.743	1.1027262356295
0.744	1.1022760272331
0.745	1.1018262667454
0.746	1.1013769534503
0.747	1.1009280866334
0.748	1.1004796655818
0.749	1.1000316895842
0.750	1.0995841579309
0.751	1.0991370699136
0.752	1.0986904248258
0.753	1.0982442219624
0.754	1.0977984606197
0.755	1.0973531400959
0.756	1.0969082596904
0.757	1.0964638187043
0.758	1.0960198164402
0.759	1.0955762522023
0.760	1.0951331252961
0.761	1.0946904350287
0.762	1.0942481807090
0.763	1.0938063616470
0.764	1.0933649771543
0.765	1.0929240265443
0.766	1.0924835091314
0.767	1.0920434242319
0.768	1.0916037711635
0.769	1.0911645492451
0.770	1.0907257577975
0.771	1.0902873961427
0.772	1.0898494636042
0.773	1.0894119595070
0.774	1.0889748831776
0.775	1.0885382339439
0.776	1.0881020111354
0.777	1.0876662140827
0.778	1.0872308421182
0.779	1.0867958945756
0.780	1.0863613707900
0.781	1.0859272700981
0.782	1.0854935918377
0.783	1.0850603353485
0.784	1.0846274999711
0.785	1.0841950850480
0.786	1.0837630899227
0.787	1.0833315139404
0.788	1.0829003564476
0.789	1.0824696167921
0.790	1.0820392943234
0.791	1.0816093883921
0.792	1.0811798983503
0.793	1.0807508235514
0.794	1.0803221633503
0.795	1.0798939171034
0.796	1.0794660841681
0.797	1.0790386639034
0.798	1.0786116556699
0.799	1.0781850588290
0.800	1.0777588727440
0.801	1.0773330967793
0.802	1.0769077303006
0.803	1.0764827726752
0.804	1.0760582232714
0.805	1.0756340814592
0.806	1.0752103466097
0.807	1.0747870180954
0.808	1.0743640952902
0.809	1.0739415775691
0.810	1.0735194643088
0.811	1.0730977548870
0.812	1.0726764486828
0.813	1.0722555450768
0.814	1.0718350434506
0.815	1.0714149431873
0.816	1.0709952436712
0.817	1.0705759442881
0.818	1.0701570444249
0.819	1.0697385434699
0.820	1.0693204408125
0.821	1.0689027358437
0.822	1.0684854279554
0.823	1.0680685165413
0.824	1.0676520009958
0.825	1.0672358807149
0.826	1.0668201550958
0.827	1.0664048235371
0.828	1.0659898854384
0.829	1.0655753402007
0.830	1.0651611872264
0.831	1.0647474259188
0.832	1.0643340556827
0.833	1.0639210759242
0.834	1.0635084860504
0.835	1.0630962854699
0.836	1.0626844735923
0.837	1.0622730498286
0.838	1.0618620135910
0.839	1.0614513642928
0.840	1.0610411013488
0.841	1.0606312241746
0.842	1.0602217321875
0.843	1.0598126248055
0.844	1.0594039014484
0.845	1.0589955615366
0.846	1.0585876044921
0.847	1.0581800297380
0.848	1.0577728366986
0.849	1.0573660247994
0.850	1.0569595934669
0.851	1.0565535421291
0.852	1.0561478702151
0.853	1.0557425771549
0.854	1.0553376623801
0.855	1.0549331253232
0.856	1.0545289654180
0.857	1.0541251820993
0.858	1.0537217748033
0.859	1.0533187429672
0.860	1.0529160860293
0.861	1.0525138034293
0.862	1.0521118946079
0.863	1.0517103590069
0.864	1.0513091960693
0.865	1.0509084052394
0.866	1.0505079859623
0.867	1.0501079376846
0.868	1.0497082598537
0.869	1.0493089519184
0.870	1.0489100133286
0.871	1.0485114435352
0.872	1.0481132419902
0.873	1.0477154081469
0.874	1.0473179414597
0.875	1.0469208413838
0.876	1.0465241073760
0.877	1.0461277388938
0.878	1.0457317353960
0.879	1.0453360963425
0.880	1.0449408211943
0.881	1.0445459094133
0.882	1.0441513604629
0.883	1.0437571738071
0.884	1.0433633489115
0.885	1.0429698852424
0.886	1.0425767822672
0.887	1.0421840394547
0.888	1.0417916562745
0.889	1.0413996321973
0.890	1.0410079666950
0.891	1.0406166592404
0.892	1.0402257093076
0.893	1.0398351163714
0.894	1.0394448799080
0.895	1.0390549993946
0.896	1.0386654743094
0.897	1.0382763041315
0.898	1.0378874883413
0.899	1.0374990264202
0.900	1.0371109178506
0.901	1.0367231621158
0.902	1.0363357587003
0.903	1.0359487070897
0.904	1.0355620067706
0.905	1.0351756572305
0.906	1.0347896579579
0.907	1.0344040084426
0.908	1.0340187081753
0.909	1.0336337566475
0.910	1.0332491533520
0.911	1.0328648977825
0.912	1.0324809894338
0.913	1.0320974278016
0.914	1.0317142123826
0.915	1.0313313426746
0.916	1.0309488181764
0.917	1.0305666383876
0.918	1.0301848028092
0.919	1.0298033109428
0.920	1.0294221622911
0.921	1.0290413563580
0.922	1.0286608926482
0.923	1.0282807706673
0.924	1.0279009899221
0.925	1.0275215499202
0.926	1.0271424501703
0.927	1.0267636901820
0.928	1.0263852694659
0.929	1.0260071875337
0.930	1.0256294438978
0.931	1.0252520380718
0.932	1.0248749695701
0.933	1.0244982379081
0.934	1.0241218426024
0.935	1.0237457831701
0.936	1.0233700591297
0.937	1.0229946700003
0.938	1.0226196153022
0.939	1.0222448945565
0.940	1.0218705072853
0.941	1.0214964530117
0.942	1.0211227312597
0.943	1.0207493415540
0.944	1.0203762834207
0.945	1.0200035563865
0.946	1.0196311599790
0.947	1.0192590937270
0.948	1.0188873571599
0.949	1.0185159498084
0.950	1.0181448712037
0.951	1.0177741208783
0.952	1.0174036983653
0.953	1.0170336031989
0.954	1.0166638349143
0.955	1.0162943930473
0.956	1.0159252771349
0.957	1.0155564867148
0.958	1.0151880213258
0.959	1.0148198805074
0.960	1.0144520638002
0.961	1.0140845707455
0.962	1.0137174008856
0.963	1.0133505537636
0.964	1.0129840289238
0.965	1.0126178259109
0.966	1.0122519442709
0.967	1.0118863835505
0.968	1.0115211432972
0.969	1.0111562230595
0.970	1.0107916223869
0.971	1.0104273408295
0.972	1.0100633779384
0.973	1.0096997332656
0.974	1.0093364063639
0.975	1.0089733967871
0.976	1.0086107040897
0.977	1.0082483278272
0.978	1.0078862675557
0.979	1.0075245228326
0.980	1.0071630932157
0.981	1.0068019782640
0.982	1.0064411775371
0.983	1.0060806905956
0.984	1.0057205170008
0.985	1.0053606563151
0.986	1.0050011081016
0.987	1.0046418719240
0.988	1.0042829473473
0.989	1.0039243339370
0.990	1.0035660312595
0.991	1.0032080388822
0.992	1.0028503563731
0.993	1.0024929833011
0.994	1.0021359192360
0.995	1.0017791637484
0.996	1.0014227164096
0.997	1.0010665767920
0.998	1.0007107444684
0.999	1.0003552190129
1.000	1.0000000000000
1.001	0.9996450870052
1.002	0.9992904796049
1.003	0.9989361773760
1.004	0.9985821798966
1.005	0.9982284867453
1.006	0.9978750975017
1.007	0.9975220117460
1.008	0.9971692290593
1.009	0.9968167490236
1.010	0.9964645712216
1.011	0.9961126952368
1.012	0.9957611206534
1.013	0.9954098470565
1.014	0.9950588740320
1.015	0.9947082011666
1.016	0.9943578280475
1.017	0.9940077542632
1.018	0.9936579794025
1.019	0.9933085030552
1.020	0.9929593248119
1.021	0.9926104442638
1.022	0.9922618610032
1.023	0.9919135746227
1.024	0.9915655847161
1.025	0.9912178908778
1.026	0.9908704927028
1.027	0.9905233897872
1.028	0.9901765817276
1.029	0.9898300681214
1.030	0.9894838485669
1.031	0.9891379226630
1.032	0.9887922900093
1.033	0.9884469502064
1.034	0.9881019028555
1.035	0.9877571475585
1.036	0.9874126839182
1.037	0.9870685115379
1.038	0.9867246300219
1.039	0.9863810389750
1.040	0.9860377380031
1.041	0.9856947267124
1.042	0.9853520047101
1.043	0.9850095716042
1.044	0.9846674270031
1.045	0.9843255705163
1.046	0.9839840017538
1.047	0.9836427203265
1.048	0.9833017258458
1.049	0.9829610179239
1.050	0.9826205961740
1.051	0.9822804602095
1.052	0.9819406096451
1.053	0.9816010440957
1.054	0.9812617631772
1.055	0.9809227665062
1.056	0.9805840536999
1.057	0.9802456243764
1.058	0.9799074781542
1.059	0.9795696146528
1.060	0.9792320334923
1.061	0.9788947342935
1.062	0.9785577166778
1.063	0.9782209802676
1.064	0.9778845246856
1.065	0.9775483495555
1.066	0.9772124545015
1.067	0.9768768391487
1.068	0.9765415031227
1.069	0.9762064460499
1.070	0.9758716675574
1.071	0.9755371672728
1.072	0.9752029448247
1.073	0.9748689998421
1.074	0.9745353319548
1.075	0.9742019407933
1.076	0.9738688259887
1.077	0.9735359871730
1.078	0.9732034239785
1.079	0.9728711360385
1.080	0.9725391229869
1.081	0.9722073844581
1.082	0.9718759200873
1.083	0.9715447295104
1.084	0.9712138123640
1.085	0.9708831682852
1.086	0.9705527969119
1.087	0.9702226978827
1.088	0.9698928708366
1.089	0.9695633154135
1.090	0.9692340312540
1.091	0.9689050179991
1.092	0.9685762752908
1.093	0.9682478027713
1.094	0.9679196000839
1.095	0.9675916668724
1.096	0.9672640027810
1.097	0.9669366074550
1.098	0.9666094805399
1.099	0.9662826216821
1.100	0.9659560305286
1.101	0.9656297067270
1.102	0.9653036499257
1.103	0.9649778597734
1.104	0.9646523359198
1.105	0.9643270780150
1.106	0.9640020857097
1.107	0.9636773586556
1.108	0.9633528965046
1.109	0.9630286989093
1.110	0.9627047655233
1.111	0.9623810960003
1.112	0.9620576899950
1.113	0.9617345471626
1.114	0.9614116671589
1.115	0.9610890496403
1.116	0.9607666942640
1.117	0.9604446006875
1.118	0.9601227685692
1.119	0.9598011975679
1.120	0.9594798873433
1.121	0.9591588375554
1.122	0.9588380478650
1.123	0.9585175179334
1.124	0.9581972474227
1.125	0.9578772359953
1.126	0.9575574833144
1.127	0.9572379890439
1.128	0.9569187528480
1.129	0.9565997743919
1.130	0.9562810533409
1.131	0.9559625893614
1.132	0.9556443821202
1.133	0.9553264312844
1.134	0.9550087365222
1.135	0.9546912975021
1.136	0.9543741138933
1.137	0.9540571853654
1.138	0.9537405115888
1.139	0.9534240922344
1.140	0.9531079269737
1.141	0.9527920154788
1.142	0.9524763574224
1.143	0.9521609524777
1.144	0.9518458003185
1.145	0.9515309006192
1.146	0.9512162530549
1.147	0.9509018573010
1.148	0.9505877130338
1.149	0.9502738199300
1.150	0.9499601776667
1.151	0.9496467859219
1.152	0.9493336443741
1.153	0.9490207527021
1.154	0.9487081105856
1.155	0.9483957177047
1.156	0.9480835737401
1.157	0.9477716783730
1.158	0.9474600312853
1.159	0.9471486321594
1.160	0.9468374806782
1.161	0.9465265765251
1.162	0.9462159193843
1.163	0.9459055089404
1.164	0.9455953448785
1.165	0.9452854268844
1.166	0.9449757546444
1.167	0.9446663278452
1.168	0.9443571461742
1.169	0.9440482093195
1.170	0.9437395169694
1.171	0.9434310688129
1.172	0.9431228645397
1.173	0.9428149038399
1.174	0.9425071864040
1.175	0.9421997119233
1.176	0.9418924800896
1.177	0.9415854905951
1.178	0.9412787431326
1.179	0.9409722373954
1.180	0.9406659730775
1.181	0.9403599498733
1.182	0.9400541674777
1.183	0.9397486255862
1.184	0.9394433238948
1.185	0.9391382621001
1.186	0.9388334398991
1.187	0.9385288569894
1.188	0.9382245130692
1.189	0.9379204078371
1.190	0.9376165409923
1.191	0.9373129122345
1.192	0.9370095212639
1.193	0.9367063677812
1.194	0.9364034514878
1.195	0.9361007720853
1.196	0.9357983292760
1.197	0.9354961227629
1.198	0.9351941522491
1.199	0.9348924174386
1.200	0.9345909180357
1.201	0.9342896537453
1.202	0.9339886242726
1.203	0.9336878293237
1.204	0.9333872686048
1.205	0.9330869418229
1.206	0.9327868486854
1.207	0.9324869889002
1.208	0.9321873621757
1.209	0.9318879682208
1.210	0.9315888067449
1.211	0.9312898774579
1.212	0.9309911800702
1.213	0.9306927142928
1.214	0.9303944798371
1.215	0.9300964764149
1.216	0.9297987037386
1.217	0.9295011615212
1.218	0.9292038494760
1.219	0.9289067673169
1.220	0.9286099147582
1.221	0.9283132915149
1.222	0.9280168973022
1.223	0.9277207318359
1.224	0.9274247948325
1.225	0.9271290860086
1.226	0.9268336050816
1.227	0.9265383517692
1.228	0.9262433257898
1.229	0.9259485268619
1.230	0.9256539547048
1.231	0.9253596090383
1.232	0.9250654895824
1.233	0.9247715960578
1.234	0.9244779281857
1.235	0.9241844856876
1.236	0.9238912682855
1.237	0.9235982757021
1.238	0.9233055076603
1.239	0.9230129638836
1.240	0.9227206440960
1.241	0.9224285480219
1.242	0.9221366753861
1.243	0.9218450259140
1.244	0.9215535993314
1.245	0.9212623953647
1.246	0.9209714137405
1.247	0.9206806541861
1.248	0.9203901164291
1.249	0.9200998001977
1.250	0.9198097052204
1.251	0.9195198312263
1.252	0.9192301779449
1.253	0.9189407451062
1.254	0.9186515324405
1.255	0.9183625396788
1.256	0.9180737665523
1.257	0.9177852127929
1.258	0.9174968781328
1.259	0.9172087623046
1.260	0.9169208650415
1.261	0.9166331860771
1.262	0.9163457251453
1.263	0.9160584819807
1.264	0.9157714563182
1.265	0.9154846478931
1.266	0.9151980564412
1.267	0.9149116816989
1.268	0.9146255234027
1.269	0.9143395812898
1.270	0.9140538550979
1.271	0.9137683445648
1.272	0.9134830494291
1.273	0.9131979694296
1.274	0.9129131043057
1.275	0.9126284537971
1.276	0.9123440176440
1.277	0.9120597955871
1.278	0.9117757873674
1.279	0.9114919927263
1.280	0.9112084114059
1.281	0.9109250431485
1.282	0.9106418876968
1.283	0.9103589447941
1.284	0.9100762141839
1.285	0.9097936956105
1.286	0.9095113888182
1.287	0.9092292935519
1.288	0.9089474095571
1.289	0.9086657365795
1.290	0.9083842743651
1.291	0.9081030226608
1.292	0.9078219812134
1.293	0.9075411497704
1.294	0.9072605280797
1.295	0.9069801158896
1.296	0.9066999129487
1.297	0.9064199190061
1.298	0.9061401338115
1.299	0.9058605571146
1.300	0.9055811886660
1.301	0.9053020282162
1.302	0.9050230755166
1.303	0.9047443303187
1.304	0.9044657923745
1.305	0.9041874614363
1.306	0.9039093372571
1.307	0.9036314195900
1.308	0.9033537081886
1.309	0.9030762028071
1.310	0.9027989031997
1.311	0.9025218091214
1.312	0.9022449203274
1.313	0.9019682365733
1.314	0.9016917576152
1.315	0.9014154832095
1.316	0.9011394131131
1.317	0.9008635470832
1.318	0.9005878848774
1.319	0.9003124262538
1.320	0.9000371709709
1.321	0.8997621187874
1.322	0.8994872694625
1.323	0.8992126227560
1.324	0.8989381784277
1.325	0.8986639362381
1.326	0.8983898959480
1.327	0.8981160573185
1.328	0.8978424201113
1.329	0.8975689840883
1.330	0.8972957490119
1.331	0.8970227146447
1.332	0.8967498807499
1.333	0.8964772470910
1.334	0.8962048134319
1.335	0.8959325795369
1.336	0.8956605451706
1.337	0.8953887100982
1.338	0.8951170740849
1.339	0.8948456368965
1.340	0.8945743982994
1.341	0.8943033580601
1.342	0.8940325159454
1.343	0.8937618717227
1.344	0.8934914251597
1.345	0.8932211760245
1.346	0.8929511240855
1.347	0.8926812691115
1.348	0.8924116108718
1.349	0.8921421491359
1.350	0.8918728836737
1.351	0.8916038142556
1.352	0.8913349406521
1.353	0.8910662626345
1.354	0.8907977799741
1.355	0.8905294924427
1.356	0.8902613998124
1.357	0.8899935018558
1.358	0.8897257983458
1.359	0.8894582890555
1.360	0.8891909737588
1.361	0.8889238522294
1.362	0.8886569242418
1.363	0.8883901895707
1.364	0.8881236479911
1.365	0.8878572992785
1.366	0.8875911432087
1.367	0.8873251795578
1.368	0.8870594081024
1.369	0.8867938286192
1.370	0.8865284408856
1.371	0.8862632446791
1.372	0.8859982397776
1.373	0.8857334259594
1.374	0.8854688030033
1.375	0.8852043706881
1.376	0.8849401287932
1.377	0.8846760770984
1.378	0.8844122153837
1.379	0.8841485434295
1.380	0.8838850610166
1.381	0.8836217679260
1.382	0.8833586639393
1.383	0.8830957488381
1.384	0.8828330224048
1.385	0.8825704844217
1.386	0.8823081346718
1.387	0.8820459729381
1.388	0.8817839990043
1.389	0.8815222126543
1.390	0.8812606136721
1.391	0.8809992018424
1.392	0.8807379769502
1.393	0.8804769387806
1.394	0.8802160871192
1.395	0.8799554217519
1.396	0.8796949424651
1.397	0.8794346490453
1.398	0.8791745412794
1.399	0.8789146189547
1.400	0.8786548818589
1.401	0.8783953297799
1.402	0.8781359625059
1.403	0.8778767798256
1.404	0.8776177815279
1.405	0.8773589674021
1.406	0.8771003372379
1.407	0.8768418908251
1.408	0.8765836279541
1.409	0.8763255484154
1.410	0.8760676520000
1.411	0.8758099384991
1.412	0.8755524077044
1.413	0.8752950594078
1.414	0.8750378934014
1.415	0.8747809094779
1.416	0.8745241074303
1.417	0.8742674870516
1.418	0.8740110481354
1.419	0.8737547904757
1.420	0.8734987138666
1.421	0.8732428181026
1.422	0.8729871029786
1.423	0.8727315682897
1.424	0.8724762138314
1.425	0.8722210393995
1.426	0.8719660447901
1.427	0.8717112297997
1.428	0.8714565942250
1.429	0.8712021378630
1.430	0.8709478605113
1.431	0.8706937619674
1.432	0.8704398420294
1.433	0.8701861004956
1.434	0.8699325371647
1.435	0.8696791518357
1.436	0.8694259443077
1.437	0.8691729143804
1.438	0.8689200618538
1.439	0.8686673865279
1.440	0.8684148882033
1.441	0.8681625666809
1.442	0.8679104217618
1.443	0.8676584532474
1.444	0.8674066609395
1.445	0.8671550446401
1.446	0.8669036041516
1.447	0.8666523392768
1.448	0.8664012498185
1.449	0.8661503355800
1.450	0.8658995963650
1.451	0.8656490319773
1.452	0.8653986422211
1.453	0.8651484269010
1.454	0.8648983858217
1.455	0.8646485187883
1.456	0.8643988256062
1.457	0.8641493060812
1.458	0.8638999600191
1.459	0.8636507872264
1.460	0.8634017875097
1.461	0.8631529606757
1.462	0.8629043065318
1.463	0.8626558248853
1.464	0.8624075155442
1.465	0.8621593783164
1.466	0.8619114130104
1.467	0.8616636194348
1.468	0.8614159973985
1.469	0.8611685467109
1.470	0.8609212671815
1.471	0.8606741586201
1.472	0.8604272208369
1.473	0.8601804536422
1.474	0.8599338568468
1.475	0.8596874302618
1.476	0.8594411736983
1.477	0.8591950869680
1.478	0.8589491698827
1.479	0.8587034222547
1.480	0.8584578438962
1.481	0.8582124346202
1.482	0.8579671942395
1.483	0.8577221225675
1.484	0.8574772194178
1.485	0.8572324846042
1.486	0.8569879179409
1.487	0.8567435192424
1.488	0.8564992883233
1.489	0.8562552249986
1.490	0.8560113290837
1.491	0.8557676003940
1.492	0.8555240387455
1.493	0.8552806439543
1.494	0.8550374158367
1.495	0.8547943542094
1.496	0.8545514588895
1.497	0.8543087296940
1.498	0.8540661664406
1.499	0.8538237689471
1.500	0.8535815370314
1.501	0.8533394705120
1.502	0.8530975692074
1.503	0.8528558329366
1.504	0.8526142615187
1.505	0.8523728547731
1.506	0.8521316125196
1.507	0.8518905345781
1.508	0.8516496207689
1.509	0.8514088709125
1.510	0.8511682848298
1.511	0.8509278623417
1.512	0.8506876032696
1.513	0.8504475074351
1.514	0.8502075746601
1.515	0.8499678047668
1.516	0.8497281975775
1.517	0.8494887529149
1.518	0.8492494706019
1.519	0.8490103504619
1.520	0.8487713923181
1.521	0.8485325959945
1.522	0.8482939613149
1.523	0.8480554881037
1.524	0.8478171761853
1.525	0.8475790253847
1.526	0.8473410355267
1.527	0.8471032064368
1.528	0.8468655379406
1.529	0.8466280298638
1.530	0.8463906820326
1.531	0.8461534942733
1.532	0.8459164664125
1.533	0.8456795982773
1.534	0.8454428896945
1.535	0.8452063404918
1.536	0.8449699504967
1.537	0.8447337195371
1.538	0.8444976474412
1.539	0.8442617340374
1.540	0.8440259791545
1.541	0.8437903826213
1.542	0.8435549442670
1.543	0.8433196639211
1.544	0.8430845414133
1.545	0.8428495765735
1.546	0.8426147692319
1.547	0.8423801192190
1.548	0.8421456263655
1.549	0.8419112905023
1.550	0.8416771114607
1.551	0.8414430890721
1.552	0.8412092231683
1.553	0.8409755135811
1.554	0.8407419601428
1.555	0.8405085626858
1.556	0.8402753210429
1.557	0.8400422350470
1.558	0.8398093045313
1.559	0.8395765293292
1.560	0.8393439092745
1.561	0.8391114442010
1.562	0.8388791339430
1.563	0.8386469783349
1.564	0.8384149772113
1.565	0.8381831304072
1.566	0.8379514377577
1.567	0.8377198990982
1.568	0.8374885142644
1.569	0.8372572830921
1.570	0.8370262054176
1.571	0.8367952810770
1.572	0.8365645099072
1.573	0.8363338917448
1.574	0.8361034264270
1.575	0.8358731137911
1.576	0.8356429536748
1.577	0.8354129459157
1.578	0.8351830903519
1.579	0.8349533868218
1.580	0.8347238351638
1.581	0.8344944352166
1.582	0.8342651868194
1.583	0.8340360898112
1.584	0.8338071440316
1.585	0.8335783493203
1.586	0.8333497055171
1.587	0.8331212124623
1.588	0.8328928699962
1.589	0.8326646779595
1.590	0.8324366361931
1.591	0.8322087445380
1.592	0.8319810028355
1.593	0.8317534109273
1.594	0.8315259686550
1.595	0.8312986758608
1.596	0.8310715323869
1.597	0.8308445380758
1.598	0.8306176927701
1.599	0.8303909963128
1.600	0.8301644485471
1.601	0.8299380493164
1.602	0.8297117984642
1.603	0.8294856958345
1.604	0.8292597412713
1.605	0.8290339346189
1.606	0.8288082757219
1.607	0.8285827644249
1.608	0.8283574005730
1.609	0.8281321840114
1.610	0.8279071145855
1.611	0.8276821921410
1.612	0.8274574165236
1.613	0.8272327875796
1.614	0.8270083051553
1.615	0.8267839690971
1.616	0.8265597792518
1.617	0.8263357354665
1.618	0.8261118375883
1.619	0.8258880854647
1.620	0.8256644789433
1.621	0.8254410178720
1.622	0.8252177020988
1.623	0.8249945314721
1.624	0.8247715058403
1.625	0.8245486250523
1.626	0.8243258889569
1.627	0.8241032974034
1.628	0.8238808502412
1.629	0.8236585473198
1.630	0.8234363884891
1.631	0.8232143735991
1.632	0.8229925025001
1.633	0.8227707750425
1.634	0.8225491910770
1.635	0.8223277504546
1.636	0.8221064530263
1.637	0.8218852986435
1.638	0.8216642871577
1.639	0.8214434184207
1.640	0.8212226922843
1.641	0.8210021086009
1.642	0.8207816672227
1.643	0.8205613680025
1.644	0.8203412107929
1.645	0.8201211954470
1.646	0.8199013218181
1.647	0.8196815897595
1.648	0.8194619991249
1.649	0.8192425497683
1.650	0.8190232415435
1.651	0.8188040743050
1.652	0.8185850479072
1.653	0.8183661622047
1.654	0.8181474170526
1.655	0.8179288123057
1.656	0.8177103478196
1.657	0.8174920234497
1.658	0.8172738390516
1.659	0.8170557944814
1.660	0.8168378895952
1.661	0.8166201242492
1.662	0.8164024983001
1.663	0.8161850116045
1.664	0.8159676640194
1.665	0.8157504554020
1.666	0.8155333856095
1.667	0.8153164544996
1.668	0.8150996619300
1.669	0.8148830077586
1.670	0.8146664918436
1.671	0.8144501140433
1.672	0.8142338742164
1.673	0.8140177722215
1.674	0.8138018079176
1.675	0.8135859811638
1.676	0.8133702918196
1.677	0.8131547397444
1.678	0.8129393247980
1.679	0.8127240468404
1.680	0.8125089057316
1.681	0.8122939013321
1.682	0.8120790335023
1.683	0.8118643021030
1.684	0.8116497069951
1.685	0.8114352480398
1.686	0.8112209250983
1.687	0.8110067380322
1.688	0.8107926867032
1.689	0.8105787709731
1.690	0.8103649907041
1.691	0.8101513457585
1.692	0.8099378359988
1.693	0.8097244612875
1.694	0.8095112214877
1.695	0.8092981164622
1.696	0.8090851460745
1.697	0.8088723101880
1.698	0.8086596086662
1.699	0.8084470413730
1.700	0.8082346081724
1.701	0.8080223089286
1.702	0.8078101435060
1.703	0.8075981117693
1.704	0.8073862135831
1.705	0.8071744488124
1.706	0.8069628173224
1.707	0.8067513189785
1.708	0.8065399536461
1.709	0.8063287211909
1.710	0.8061176214789
1.711	0.8059066543761
1.712	0.8056958197489
1.713	0.8054851174636
1.714	0.8052745473870
1.715	0.8050641093858
1.716	0.8048538033270
1.717	0.8046436290780
1.718	0.8044335865059
1.719	0.8042236754785
1.720	0.8040138958635
1.721	0.8038042475288
1.722	0.8035947303425
1.723	0.8033853441729
1.724	0.8031760888885
1.725	0.8029669643581
1.726	0.8027579704503
1.727	0.8025491070343
1.728	0.8023403739792
1.729	0.8021317711545
1.730	0.8019232984297
1.731	0.8017149556747
1.732	0.8015067427592
1.733	0.8012986595534
1.734	0.8010907059276
1.735	0.8008828817524
1.736	0.8006751868982
1.737	0.8004676212360
1.738	0.8002601846368
1.739	0.8000528769717
1.740	0.7998456981121
1.741	0.7996386479296
1.742	0.7994317262958
1.743	0.7992249330826
1.744	0.7990182681622
1.745	0.7988117314067
1.746	0.7986053226886
1.747	0.7983990418804
1.748	0.7981928888549
1.749	0.7979868634852
1.750	0.7977809656442
1.751	0.7975751952052
1.752	0.7973695520419
1.753	0.7971640360276
1.754	0.7969586470364
1.755	0.7967533849422
1.756	0.7965482496190
1.757	0.7963432409414
1.758	0.7961383587836
1.759	0.7959336030205
1.760	0.7957289735269
1.761	0.7955244701777
1.762	0.7953200928483
1.763	0.7951158414138
1.764	0.7949117157498
1.765	0.7947077157321
1.766	0.7945038412365
1.767	0.7943000921391
1.768	0.7940964683159
1.769	0.7938929696435
1.770	0.7936895959983
1.771	0.7934863472571
1.772	0.7932832232967
1.773	0.7930802239941
1.774	0.7928773492267
1.775	0.7926745988717
1.776	0.7924719728067
1.777	0.7922694709093
1.778	0.7920670930576
1.779	0.7918648391295
1.780	0.7916627090032
1.781	0.7914607025571
1.782	0.7912588196698
1.783	0.7910570602198
1.784	0.7908554240862
1.785	0.7906539111479
1.786	0.7904525212841
1.787	0.7902512543742
1.788	0.7900501102977
1.789	0.7898490889343
1.790	0.7896481901637
1.791	0.7894474138661
1.792	0.7892467599217
1.793	0.7890462282106
1.794	0.7888458186134
1.795	0.7886455310109
1.796	0.7884453652837
1.797	0.7882453213128
1.798	0.7880453989795
1.799	0.7878455981650
1.800	0.7876459187507
1.801	0.7874463606183
1.802	0.7872469236495
1.803	0.7870476077262
1.804	0.7868484127307
1.805	0.7866493385450
1.806	0.7864503850517
1.807	0.7862515521332
1.808	0.7860528396724
1.809	0.7858542475520
1.810	0.7856557756552
1.811	0.7854574238651
1.812	0.7852591920650
1.813	0.7850610801386
1.814	0.7848630879694
1.815	0.7846652154413
1.816	0.7844674624382
1.817	0.7842698288442
1.818	0.7840723145438
1.819	0.7838749194212
1.820	0.7836776433611
1.821	0.7834804862483
1.822	0.7832834479676
1.823	0.7830865284041
1.824	0.7828897274430
1.825	0.7826930449697
1.826	0.7824964808696
1.827	0.7823000350286
1.828	0.7821037073323
1.829	0.7819074976667
1.830	0.7817114059180
1.831	0.7815154319725
1.832	0.7813195757165
1.833	0.7811238370367
1.834	0.7809282158198
1.835	0.7807327119527
1.836	0.7805373253223
1.837	0.7803420558159
1.838	0.7801469033208
1.839	0.7799518677245
1.840	0.7797569489146
1.841	0.7795621467789
1.842	0.7793674612053
1.843	0.7791728920819
1.844	0.7789784392970
1.845	0.7787841027388
1.846	0.7785898822959
1.847	0.7783957778569
1.848	0.7782017893108
1.849	0.7780079165464
1.850	0.7778141594529
1.851	0.7776205179194
1.852	0.7774269918355
1.853	0.7772335810906
1.854	0.7770402855745
1.855	0.7768471051769
1.856	0.7766540397880
1.857	0.7764610892977
1.858	0.7762682535964
1.859	0.7760755325744
1.860	0.7758829261224
1.861	0.7756904341311
1.862	0.7754980564913
1.863	0.7753057930939
1.864	0.7751136438302
1.865	0.7749216085914
1.866	0.7747296872690
1.867	0.7745378797544
1.868	0.7743461859395
1.869	0.7741546057160
1.870	0.7739631389759
1.871	0.7737717856115
1.872	0.7735805455149
1.873	0.7733894185785
1.874	0.7731984046950
1.875	0.7730075037571
1.876	0.7728167156575
1.877	0.7726260402892
1.878	0.7724354775454
1.879	0.7722450273194
1.880	0.7720546895044
1.881	0.7718644639941
1.882	0.7716743506822
1.883	0.7714843494623
1.884	0.7712944602286
1.885	0.7711046828751
1.886	0.7709150172961
1.887	0.7707254633858
1.888	0.7705360210388
1.889	0.7703466901497
1.890	0.7701574706134
1.891	0.7699683623248
1.892	0.7697793651788
1.893	0.7695904790707
1.894	0.7694017038958
1.895	0.7692130395497
1.896	0.7690244859278
1.897	0.7688360429259
1.898	0.7686477104399
1.899	0.7684594883658
1.900	0.7682713765997
1.901	0.7680833750380
1.902	0.7678954835769
1.903	0.7677077021131
1.904	0.7675200305433
1.905	0.7673324687643
1.906	0.7671450166729
1.907	0.7669576741663
1.908	0.7667704411417
1.909	0.7665833174965
1.910	0.7663963031281
1.911	0.7662093979341
1.912	0.7660226018123
1.913	0.7658359146606
1.914	0.7656493363769
1.915	0.7654628668594
1.916	0.7652765060064
1.917	0.7650902537162
1.918	0.7649041098875
1.919	0.7647180744189
1.920	0.7645321472091
1.921	0.7643463281571
1.922	0.7641606171619
1.923	0.7639750141228
1.924	0.7637895189390
1.925	0.7636041315101
1.926	0.7634188517355
1.927	0.7632336795149
1.928	0.7630486147483
1.929	0.7628636573355
1.930	0.7626788071767
1.931	0.7624940641721
1.932	0.7623094282219
1.933	0.7621248992268
1.934	0.7619404770873
1.935	0.7617561617040
1.936	0.7615719529780
1.937	0.7613878508101
1.938	0.7612038551015
1.939	0.7610199657533
1.940	0.7608361826671
1.941	0.7606525057442
1.942	0.7604689348863
1.943	0.7602854699951
1.944	0.7601021109724
1.945	0.7599188577203
1.946	0.7597357101410
1.947	0.7595526681365
1.948	0.7593697316094
1.949	0.7591869004620
1.950	0.7590041745970
1.951	0.7588215539172
1.952	0.7586390383254
1.953	0.7584566277245
1.954	0.7582743220178
1.955	0.7580921211084
1.956	0.7579100248997
1.957	0.7577280332952
1.958	0.7575461461985
1.959	0.7573643635132
1.960	0.7571826851433
1.961	0.7570011109928
1.962	0.7568196409656
1.963	0.7566382749661
1.964	0.7564570128985
1.965	0.7562758546674
1.966	0.7560948001773
1.967	0.7559138493328
1.968	0.7557330020389
1.969	0.7555522582004
1.970	0.7553716177225
1.971	0.7551910805103
1.972	0.7550106464690
1.973	0.7548303155042
1.974	0.7546500875213
1.975	0.7544699624261
1.976	0.7542899401243
1.977	0.7541100205217
1.978	0.7539302035245
1.979	0.7537504890388
1.980	0.7535708769707
1.981	0.7533913672267
1.982	0.7532119597133
1.983	0.7530326543371
1.984	0.7528534510047
1.985	0.7526743496231
1.986	0.7524953500993
1.987	0.7523164523402
1.988	0.7521376562531
1.989	0.7519589617452
1.990	0.7517803687241
1.991	0.7516018770973
1.992	0.7514234867724
1.993	0.7512451976572
1.994	0.7510670096596
1.995	0.7508889226876
1.996	0.7507109366493
1.997	0.7505330514530
1.998	0.7503552670070
1.999	0.7501775832198
2.000	0.7500000000000
