0.000	1.6449340668378
0.001	1.6437330912220
0.002	1.6425342740453
0.003	1.6413376091226
0.004	1.6401430902930
0.005	1.6389507114197
0.006	1.6377604663897
0.007	1.6365723491139
0.008	1.6353863535269
0.009	1.6342024735869
0.010	1.6330207032756
0.011	1.6318410365980
0.012	1.6306634675823
0.013	1.6294879902799
0.014	1.6283145987652
0.015	1.6271432871356
0.016	1.6259740495111
0.017	1.6248068800345
0.018	1.6236417728711
0.019	1.6224787222087
0.020	1.6213177222576
0.021	1.6201587672500
0.022	1.6190018514405
0.023	1.6178469691057
0.024	1.6166941145440
0.025	1.6155432820758
0.026	1.6143944660430
0.027	1.6132476608092
0.028	1.6121028607596
0.029	1.6109600603006
0.030	1.6098192538601
0.031	1.6086804358871
0.032	1.6075436008515
0.033	1.6064087432446
0.034	1.6052758575782
0.035	1.6041449383851
0.036	1.6030159802187
0.037	1.6018889776531
0.038	1.6007639252827
0.039	1.5996408177225
0.040	1.5985196496078
0.041	1.5974004155938
0.042	1.5962831103561
0.043	1.5951677285903
0.044	1.5940542650118
0.045	1.5929427143558
0.046	1.5918330713773
0.047	1.5907253308510
0.048	1.5896194875710
0.049	1.5885155363509
0.050	1.5874134720236
0.051	1.5863132894414
0.052	1.5852149834758
0.053	1.5841185490171
0.054	1.5830239809749
0.055	1.5819312742775
0.056	1.5808404238721
0.057	1.5797514247248
0.058	1.5786642718200
0.059	1.5775789601608
0.060	1.5764954847690
0.061	1.5754138406843
0.062	1.5743340229652
0.063	1.5732560266881
0.064	1.5721798469475
0.065	1.5711054788562
0.066	1.5700329175448
0.067	1.5689621581616
0.068	1.5678931958731
0.069	1.5668260258631
0.070	1.5657606433332
0.071	1.5646970435027
0.072	1.5636352216081
0.073	1.5625751729035
0.074	1.5615168926600
0.075	1.5604603761664
0.076	1.5594056187281
0.077	1.5583526156681
0.078	1.5573013623259
0.079	1.5562518540582
0.080	1.5552040862386
0.081	1.5541580542571
0.082	1.5531137535208
0.083	1.5520711794531
0.084	1.5510303274940
0.085	1.5499911931001
0.086	1.5489537717441
0.087	1.5479180589153
0.088	1.5468840501191
0.089	1.5458517408769
0.090	1.5448211267265
0.091	1.5437922032214
0.092	1.5427649659312
0.093	1.5417394104413
0.094	1.5407155323529
0.095	1.5396933272831
0.096	1.5386727908643
0.097	1.5376539187448
0.098	1.5366367065882
0.099	1.5356211500737
0.100	1.5346072448957
0.101	1.5335949867639
0.102	1.5325843714036
0.103	1.5315753945547
0.104	1.5305680519726
0.105	1.5295623394275
0.106	1.5285582527048
0.107	1.5275557876046
0.108	1.5265549399419
0.109	1.5255557055464
0.110	1.5245580802625
0.111	1.5235620599494
0.112	1.5225676404806
0.113	1.5215748177443
0.114	1.5205835876431
0.115	1.5195939460938
0.116	1.5186058890278
0.117	1.5176194123905
0.118	1.5166345121417
0.119	1.5156511842550
0.120	1.5146694247184
0.121	1.5136892295337
0.122	1.5127105947166
0.123	1.5117335162969
0.124	1.5107579903179
0.125	1.5097840128369
0.126	1.5088115799248
0.127	1.5078406876661
0.128	1.5068713321588
0.129	1.5059035095147
0.130	1.5049372158588
0.131	1.5039724473294
0.132	1.5030092000785
0.133	1.5020474702710
0.134	1.5010872540852
0.135	1.5001285477127
0.136	1.4991713473578
0.137	1.4982156492382
0.138	1.4972614495845
0.139	1.4963087446401
0.140	1.4953575306616
0.141	1.4944078039179
0.142	1.4934595606913
0.143	1.4925127972762
0.144	1.4915675099801
0.145	1.4906236951229
0.146	1.4896813490371
0.147	1.4887404680677
0.148	1.4878010485720
0.149	1.4868630869199
0.150	1.4859265794935
0.151	1.4849915226872
0.152	1.4840579129077
0.153	1.4831257465738
0.154	1.4821950201163
0.155	1.4812657299784
0.156	1.4803378726150
0.157	1.4794114444931
0.158	1.4784864420917
0.159	1.4775628619014
0.160	1.4766407004249
0.161	1.4757199541765
0.162	1.4748006196824
0.163	1.4738826934801
0.164	1.4729661721191
0.165	1.4720510521603
0.166	1.4711373301761
0.167	1.4702250027504
0.168	1.4693140664785
0.169	1.4684045179670
0.170	1.4674963538341
0.171	1.4665895707089
0.172	1.4656841652321
0.173	1.4647801340552
0.174	1.4638774738411
0.175	1.4629761812637
0.176	1.4620762530080
0.177	1.4611776857700
0.178	1.4602804762564
0.179	1.4593846211852
0.180	1.4584901172849
0.181	1.4575969612950
0.182	1.4567051499658
0.183	1.4558146800582
0.184	1.4549255483438
0.185	1.4540377516049
0.186	1.4531512866343
0.187	1.4522661502355
0.188	1.4513823392222
0.189	1.4504998504190
0.190	1.4496186806604
0.191	1.4487388267917
0.192	1.4478602856682
0.193	1.4469830541558
0.194	1.4461071291303
0.195	1.4452325074781
0.196	1.4443591860953
0.197	1.4434871618886
0.198	1.4426164317742
0.199	1.4417469926790
0.200	1.4408788415392
0.201	1.4400119753016
0.202	1.4391463909224
0.203	1.4382820853679
0.204	1.4374190556142
0.205	1.4365572986473
0.206	1.4356968114627
0.207	1.4348375910657
0.208	1.4339796344714
0.209	1.4331229387045
0.210	1.4322675007990
0.211	1.4314133177989
0.212	1.4305603867573
0.213	1.4297087047370
0.214	1.4288582688103
0.215	1.4280090760587
0.216	1.4271611235731
0.217	1.4263144084537
0.218	1.4254689278103
0.219	1.4246246787614
0.220	1.4237816584351
0.221	1.4229398639686
0.222	1.4220992925081
0.223	1.4212599412091
0.224	1.4204218072360
0.225	1.4195848877622
0.226	1.4187491799702
0.227	1.4179146810514
0.228	1.4170813882061
0.229	1.4162492986436
0.230	1.4154184095817
0.231	1.4145887182475
0.232	1.4137602218765
0.233	1.4129329177131
0.234	1.4121068030102
0.235	1.4112818750297
0.236	1.4104581310419
0.237	1.4096355683257
0.238	1.4088141841687
0.239	1.4079939758668
0.240	1.4071749407247
0.241	1.4063570760553
0.242	1.4055403791801
0.243	1.4047248474288
0.244	1.4039104781397
0.245	1.4030972686593
0.246	1.4022852163424
0.247	1.4014743185520
0.248	1.4006645726595
0.249	1.3998559760444
0.250	1.3990485260942
0.251	1.3982422202049
0.252	1.3974370557803
0.253	1.3966330302324
0.254	1.3958301409812
0.255	1.3950283854546
0.256	1.3942277610887
0.257	1.3934282653275
0.258	1.3926298956226
0.259	1.3918326494339
0.260	1.3910365242289
0.261	1.3902415174831
0.262	1.3894476266795
0.263	1.3886548493091
0.264	1.3878631828707
0.265	1.3870726248704
0.266	1.3862831728224
0.267	1.3854948242484
0.268	1.3847075766776
0.269	1.3839214276468
0.270	1.3831363747005
0.271	1.3823524153906
0.272	1.3815695472765
0.273	1.3807877679250
0.274	1.3800070749106
0.275	1.3792274658148
0.276	1.3784489382268
0.277	1.3776714897431
0.278	1.3768951179673
0.279	1.3761198205105
0.280	1.3753455949911
0.281	1.3745724390345
0.282	1.3738003502736
0.283	1.3730293263482
0.284	1.3722593649055
0.285	1.3714904635996
0.286	1.3707226200918
0.287	1.3699558320505
0.288	1.3691900971512
0.289	1.3684254130762
0.290	1.3676617775149
0.291	1.3668991881639
0.292	1.3661376427263
0.293	1.3653771389124
0.294	1.3646176744392
0.295	1.3638592470309
0.296	1.3631018544181
0.297	1.3623454943385
0.298	1.3615901645365
0.299	1.3608358627631
0.300	1.3600825867763
0.301	1.3593303343405
0.302	1.3585791032271
0.303	1.3578288912140
0.304	1.3570796960855
0.305	1.3563315156330
0.306	1.3555843476540
0.307	1.3548381899529
0.308	1.3540930403403
0.309	1.3533488966336
0.310	1.3526057566565
0.311	1.3518636182392
0.312	1.3511224792184
0.313	1.3503823374371
0.314	1.3496431907447
0.315	1.3489050369971
0.316	1.3481678740563
0.317	1.3474316997907
0.318	1.3466965120751
0.319	1.3459623087904
0.320	1.3452290878239
0.321	1.3444968470689
0.322	1.3437655844252
0.323	1.3430352977984
0.324	1.3423059851006
0.325	1.3415776442498
0.326	1.3408502731702
0.327	1.3401238697920
0.328	1.3393984320515
0.329	1.3386739578910
0.330	1.3379504452589
0.331	1.3372278921096
0.332	1.3365062964033
0.333	1.3357856561062
0.334	1.3350659691906
0.335	1.3343472336346
0.336	1.3336294474220
0.337	1.3329126085427
0.338	1.3321967149923
0.339	1.3314817647723
0.340	1.3307677558900
0.341	1.3300546863583
0.342	1.3293425541961
0.343	1.3286313574278
0.344	1.3279210940837
0.345	1.3272117621997
0.346	1.3265033598173
0.347	1.3257958849837
0.348	1.3250893357519
0.349	1.3243837101803
0.350	1.3236790063328
0.351	1.3229752222792
0.352	1.3222723560944
0.353	1.3215704058593
0.354	1.3208693696600
0.355	1.3201692455881
0.356	1.3194700317407
0.357	1.3187717262205
0.358	1.3180743271354
0.359	1.3173778325987
0.360	1.3166822407294
0.361	1.3159875496515
0.362	1.3152937574945
0.363	1.3146008623933
0.364	1.3139088624879
0.365	1.3132177559239
0.366	1.3125275408518
0.367	1.3118382154276
0.368	1.3111497778125
0.369	1.3104622261728
0.370	1.3097755586803
0.371	1.3090897735115
0.372	1.3084048688484
0.373	1.3077208428781
0.374	1.3070376937927
0.375	1.3063554197895
0.376	1.3056740190709
0.377	1.3049934898443
0.378	1.3043138303221
0.379	1.3036350387219
0.380	1.3029571132662
0.381	1.3022800521824
0.382	1.3016038537030
0.383	1.3009285160656
0.384	1.3002540375124
0.385	1.2995804162908
0.386	1.2989076506530
0.387	1.2982357388561
0.388	1.2975646791620
0.389	1.2968944698376
0.390	1.2962251091545
0.391	1.2955565953892
0.392	1.2948889268231
0.393	1.2942221017420
0.394	1.2935561184370
0.395	1.2928909752036
0.396	1.2922266703420
0.397	1.2915632021574
0.398	1.2909005689595
0.399	1.2902387690627
0.400	1.2895778007860
0.401	1.2889176624534
0.402	1.2882583523931
0.403	1.2875998689381
0.404	1.2869422104261
0.405	1.2862853751992
0.406	1.2856293616043
0.407	1.2849741679926
0.408	1.2843197927200
0.409	1.2836662341469
0.410	1.2830134906381
0.411	1.2823615605632
0.412	1.2817104422958
0.413	1.2810601342145
0.414	1.2804106347018
0.415	1.2797619421451
0.416	1.2791140549360
0.417	1.2784669714704
0.418	1.2778206901487
0.419	1.2771752093758
0.420	1.2765305275607
0.421	1.2758866431170
0.422	1.2752435544623
0.423	1.2746012600188
0.424	1.2739597582129
0.425	1.2733190474753
0.426	1.2726791262408
0.427	1.2720399929486
0.428	1.2714016460423
0.429	1.2707640839693
0.430	1.2701273051816
0.431	1.2694913081352
0.432	1.2688560912902
0.433	1.2682216531112
0.434	1.2675879920665
0.435	1.2669551066289
0.436	1.2663229952751
0.437	1.2656916564860
0.438	1.2650610887467
0.439	1.2644312905460
0.440	1.2638022603773
0.441	1.2631739967375
0.442	1.2625464981281
0.443	1.2619197630540
0.444	1.2612937900247
0.445	1.2606685775534
0.446	1.2600441241572
0.447	1.2594204283573
0.448	1.2587974886789
0.449	1.2581753036511
0.450	1.2575538718069
0.451	1.2569331916831
0.452	1.2563132618207
0.453	1.2556940807643
0.454	1.2550756470626
0.455	1.2544579592679
0.456	1.2538410159366
0.457	1.2532248156289
0.458	1.2526093569086
0.459	1.2519946383435
0.460	1.2513806585053
0.461	1.2507674159693
0.462	1.2501549093146
0.463	1.2495431371241
0.464	1.2489320979844
0.465	1.2483217904859
0.466	1.2477122132226
0.467	1.2471033647925
0.468	1.2464952437969
0.469	1.2458878488411
0.470	1.2452811785339
0.471	1.2446752314878
0.472	1.2440700063190
0.473	1.2434655016472
0.474	1.2428617160960
0.475	1.2422586482923
0.476	1.2416562968668
0.477	1.2410546604536
0.478	1.2404537376906
0.479	1.2398535272192
0.480	1.2392540276842
0.481	1.2386552377341
0.482	1.2380571560208
0.483	1.2374597811999
0.484	1.2368631119304
0.485	1.2362671468748
0.486	1.2356718846990
0.487	1.2350773240724
0.488	1.2344834636681
0.489	1.2338903021623
0.490	1.2332978382348
0.491	1.2327060705689
0.492	1.2321149978511
0.493	1.2315246187716
0.494	1.2309349320236
0.495	1.2303459363041
0.496	1.2297576303132
0.497	1.2291700127545
0.498	1.2285830823347
0.499	1.2279968377641
0.500	1.2274112777563
0.501	1.2268264010281
0.502	1.2262422062997
0.503	1.2256586922944
0.504	1.2250758577391
0.505	1.2244937013638
0.506	1.2239122219016
0.507	1.2233314180892
0.508	1.2227512886662
0.509	1.2221718323756
0.510	1.2215930479637
0.511	1.2210149341799
0.512	1.2204374897767
0.513	1.2198607135099
0.514	1.2192846041385
0.515	1.2187091604247
0.516	1.2181343811337
0.517	1.2175602650340
0.518	1.2169868108971
0.519	1.2164140174978
0.520	1.2158418836138
0.521	1.2152704080260
0.522	1.2146995895186
0.523	1.2141294268785
0.524	1.2135599188960
0.525	1.2129910643643
0.526	1.2124228620797
0.527	1.2118553108416
0.528	1.2112884094523
0.529	1.2107221567172
0.530	1.2101565514447
0.531	1.2095915924464
0.532	1.2090272785365
0.533	1.2084636085326
0.534	1.2079005812550
0.535	1.2073381955271
0.536	1.2067764501753
0.537	1.2062153440287
0.538	1.2056548759196
0.539	1.2050950446832
0.540	1.2045358491574
0.541	1.2039772881834
0.542	1.2034193606050
0.543	1.2028620652689
0.544	1.2023054010248
0.545	1.2017493667253
0.546	1.2011939612257
0.547	1.2006391833844
0.548	1.2000850320624
0.549	1.1995315061237
0.550	1.1989786044351
0.551	1.1984263258662
0.552	1.1978746692893
0.553	1.1973236335797
0.554	1.1967732176155
0.555	1.1962234202774
0.556	1.1956742404490
0.557	1.1951256770166
0.558	1.1945777288694
0.559	1.1940303948992
0.560	1.1934836740006
0.561	1.1929375650709
0.562	1.1923920670103
0.563	1.1918471787214
0.564	1.1913028991098
0.565	1.1907592270837
0.566	1.1902161615538
0.567	1.1896737014339
0.568	1.1891318456401
0.569	1.1885905930913
0.570	1.1880499427090
0.571	1.1875098934176
0.572	1.1869704441438
0.573	1.1864315938171
0.574	1.1858933413696
0.575	1.1853556857361
0.576	1.1848186258538
0.577	1.1842821606628
0.578	1.1837462891054
0.579	1.1832110101270
0.580	1.1826763226750
0.581	1.1821422256999
0.582	1.1816087181543
0.583	1.1810757989937
0.584	1.1805434671760
0.585	1.1800117216616
0.586	1.1794805614135
0.587	1.1789499853972
0.588	1.1784199925807
0.589	1.1778905819346
0.590	1.1773617524318
0.591	1.1768335030479
0.592	1.1763058327608
0.593	1.1757787405510
0.594	1.1752522254014
0.595	1.1747262862975
0.596	1.1742009222270
0.597	1.1736761321803
0.598	1.1731519151501
0.599	1.1726282701315
0.600	1.1721051961221
0.601	1.1715826921219
0.602	1.1710607571333
0.603	1.1705393901611
0.604	1.1700185902125
0.605	1.1694983562970
0.606	1.1689786874267
0.607	1.1684595826158
0.608	1.1679410408811
0.609	1.1674230612415
0.610	1.1669056427185
0.611	1.1663887843358
0.612	1.1658724851194
0.613	1.1653567440979
0.614	1.1648415603019
0.615	1.1643269327644
0.616	1.1638128605207
0.617	1.1632993426087
0.618	1.1627863780680
0.619	1.1622739659411
0.620	1.1617621052723
0.621	1.1612507951085
0.622	1.1607400344986
0.623	1.1602298224941
0.624	1.1597201581484
0.625	1.1592110405173
0.626	1.1587024686588
0.627	1.1581944416333
0.628	1.1576869585032
0.629	1.1571800183332
0.630	1.1566736201902
0.631	1.1561677631434
0.632	1.1556624462640
0.633	1.1551576686256
0.634	1.1546534293039
0.635	1.1541497273768
0.636	1.1536465619242
0.637	1.1531439320284
0.638	1.1526418367738
0.639	1.1521402752470
0.640	1.1516392465364
0.641	1.1511387497331
0.642	1.1506387839299
0.643	1.1501393482218
0.644	1.1496404417062
0.645	1.1491420634822
0.646	1.1486442126513
0.647	1.1481468883171
0.648	1.1476500895850
0.649	1.1471538155629
0.650	1.1466580653604
0.651	1.1461628380895
0.652	1.1456681328641
0.653	1.1451739488002
0.654	1.1446802850158
0.655	1.1441871406310
0.656	1.1436945147680
0.657	1.1432024065510
0.658	1.1427108151062
0.659	1.1422197395619
0.660	1.1417291790483
0.661	1.1412391326977
0.662	1.1407495996444
0.663	1.1402605790248
0.664	1.1397720699772
0.665	1.1392840716417
0.666	1.1387965831608
0.667	1.1383096036788
0.668	1.1378231323417
0.669	1.1373371682979
0.670	1.1368517106975
0.671	1.1363667586927
0.672	1.1358823114375
0.673	1.1353983680880
0.674	1.1349149278022
0.675	1.1344319897399
0.676	1.1339495530630
0.677	1.1334676169353
0.678	1.1329861805224
0.679	1.1325052429920
0.680	1.1320248035135
0.681	1.1315448612583
0.682	1.1310654153998
0.683	1.1305864651130
0.684	1.1301080095752
0.685	1.1296300479652
0.686	1.1291525794639
0.687	1.1286756032540
0.688	1.1281991185200
0.689	1.1277231244483
0.690	1.1272476202273
0.691	1.1267726050470
0.692	1.1262980780993
0.693	1.1258240385782
0.694	1.1253504856792
0.695	1.1248774185997
0.696	1.1244048365390
0.697	1.1239327386983
0.698	1.1234611242804
0.699	1.1229899924901
0.700	1.1225193425337
0.701	1.1220491736197
0.702	1.1215794849581
0.703	1.1211102757608
0.704	1.1206415452414
0.705	1.1201732926153
0.706	1.1197055170999
0.707	1.1192382179139
0.708	1.1187713942781
0.709	1.1183050454151
0.710	1.1178391705490
0.711	1.1173737689057
0.712	1.1169088397130
0.713	1.1164443822003
0.714	1.1159803955989
0.715	1.1155168791414
0.716	1.1150538320627
0.717	1.1145912535990
0.718	1.1141291429883
0.719	1.1136674994703
0.720	1.1132063222866
0.721	1.1127456106802
0.722	1.1122853638959
0.723	1.1118255811804
0.724	1.1113662617816
0.725	1.1109074049496
0.726	1.1104490099358
0.727	1.1099910759934
0.728	1.1095336023774
0.729	1.1090765883442
0.730	1.1086200331519
0.731	1.1081639360605
0.732	1.1077082963313
0.733	1.1072531132275
0.734	1.1067983860138
0.735	1.1063441139565
0.736	1.1058902963237
0.737	1.1054369323850
0.738	1.1049840214115
0.739	1.1045315626761
0.740	1.1040795554532
0.741	1.1036279990189
0.742	1.1031768926508
0.743	1.1027262356282
0.744	1.1022760272318
0.745	1.1018262667441
0.746	1.1013769534490
0.747	1.1009280866320
0.748	1.1004796655805
0.749	1.1000316895829
0.750	1.0995841579296
0.751	1.0991370699123
0.752	1.0986904248245
0.753	1.0982442219611
0.754	1.0977984606184
0.755	1.0973531400946
0.756	1.0969082596891
0.757	1.0964638187030
0.758	1.0960198164390
0.759	1.0955762522010
0.760	1.0951331252948
0.761	1.0946904350275
0.762	1.0942481807077
0.763	1.0938063616457
0.764	1.0933649771531
0.765	1.0929240265430
0.766	1.0924835091302
0.767	1.0920434242307
0.768	1.0916037711623
0.769	1.0911645492439
0.770	1.0907257577963
0.771	1.0902873961415
0.772	1.0898494636030
0.773	1.0894119595058
0.774	1.0889748831764
0.775	1.0885382339428
0.776	1.0881020111342
0.777	1.0876662140815
0.778	1.0872308421170
0.779	1.0867958945744
0.780	1.0863613707889
0.781	1.0859272700969
0.782	1.0854935918366
0.783	1.0850603353473
0.784	1.0846274999700
0.785	1.0841950850469
0.786	1.0837630899216
0.787	1.0833315139393
0.788	1.0829003564465
0.789	1.0824696167911
0.790	1.0820392943224
0.791	1.0816093883910
0.792	1.0811798983492
0.793	1.0807508235503
0.794	1.0803221633493
0.795	1.0798939171023
0.796	1.0794660841670
0.797	1.0790386639024
0.798	1.0786116556688
0.799	1.0781850588280
0.800	1.0777588727430
0.801	1.0773330967783
0.802	1.0769077302996
0.803	1.0764827726742
0.804	1.0760582232704
0.805	1.0756340814582
0.806	1.0752103466087
0.807	1.0747870180944
0.808	1.0743640952892
0.809	1.0739415775682
0.810	1.0735194643079
0.811	1.0730977548861
0.812	1.0726764486819
0.813	1.0722555450758
0.814	1.0718350434496
0.815	1.0714149431863
0.816	1.0709952436703
0.817	1.0705759442872
0.818	1.0701570444240
0.819	1.0697385434690
0.820	1.0693204408116
0.821	1.0689027358428
0.822	1.0684854279546
0.823	1.0680685165404
0.824	1.0676520009949
0.825	1.0672358807140
0.826	1.0668201550950
0.827	1.0664048235362
0.828	1.0659898854375
0.829	1.0655753401999
0.830	1.0651611872255
0.831	1.0647474259179
0.832	1.0643340556819
0.833	1.0639210759233
0.834	1.0635084860496
0.835	1.0630962854690
0.836	1.0626844735915
0.837	1.0622730498278
0.838	1.0618620135902
0.839	1.0614513642920
0.840	1.0610411013480
0.841	1.0606312241738
0.842	1.0602217321867
0.843	1.0598126248048
0.844	1.0594039014476
0.845	1.0589955615358
0.846	1.0585876044914
0.847	1.0581800297373
0.848	1.0577728366979
0.849	1.0573660247986
0.850	1.0569595934662
0.851	1.0565535421284
0.852	1.0561478702143
0.853	1.0557425771542
0.854	1.0553376623794
0.855	1.0549331253225
0.856	1.0545289654173
0.857	1.0541251820986
0.858	1.0537217748026
0.859	1.0533187429665
0.860	1.0529160860287
0.861	1.0525138034287
0.862	1.0521118946072
0.863	1.0517103590062
0.864	1.0513091960687
0.865	1.0509084052387
0.866	1.0505079859617
0.867	1.0501079376839
0.868	1.0497082598531
0.869	1.0493089519178
0.870	1.0489100133280
0.871	1.0485114435346
0.872	1.0481132419896
0.873	1.0477154081463
0.874	1.0473179414591
0.875	1.0469208413832
0.876	1.0465241073754
0.877	1.0461277388932
0.878	1.0457317353954
0.879	1.0453360963419
0.880	1.0449408211937
0.881	1.0445459094128
0.882	1.0441513604623
0.883	1.0437571738066
0.884	1.0433633489110
0.885	1.0429698852418
0.886	1.0425767822667
0.887	1.0421840394542
0.888	1.0417916562740
0.889	1.0413996321968
0.890	1.0410079666945
0.891	1.0406166592399
0.892	1.0402257093070
0.893	1.0398351163709
0.894	1.0394448799075
0.895	1.0390549993941
0.896	1.0386654743089
0.897	1.0382763041310
0.898	1.0378874883409
0.899	1.0374990264198
0.900	1.0371109178501
0.901	1.0367231621153
0.902	1.0363357586999
0.903	1.0359487070893
0.904	1.0355620067702
0.905	1.0351756572300
0.906	1.0347896579575
0.907	1.0344040084422
0.908	1.0340187081748
0.909	1.0336337566471
0.910	1.0332491533516
0.911	1.0328648977821
0.912	1.0324809894334
0.913	1.0320974278012
0.914	1.0317142123822
0.915	1.0313313426742
0.916	1.0309488181760
0.917	1.0305666383872
0.918	1.0301848028088
0.919	1.0298033109424
0.920	1.0294221622908
0.921	1.0290413563577
0.922	1.0286608926478
0.923	1.0282807706669
0.924	1.0279009899217
0.925	1.0275215499198
0.926	1.0271424501699
0.927	1.0267636901817
0.928	1.0263852694656
0.929	1.0260071875334
0.930	1.0256294438975
0.931	1.0252520380715
0.932	1.0248749695698
0.933	1.0244982379078
0.934	1.0241218426021
0.935	1.0237457831698
0.936	1.0233700591294
0.937	1.0229946700000
0.938	1.0226196153019
0.939	1.0222448945562
0.940	1.0218705072851
0.941	1.0214964530115
0.942	1.0211227312594
0.943	1.0207493415538
0.944	1.0203762834205
0.945	1.0200035563862
0.946	1.0196311599788
0.947	1.0192590937267
0.948	1.0188873571597
0.949	1.0185159498081
0.950	1.0181448712035
0.951	1.0177741208781
0.952	1.0174036983651
0.953	1.0170336031987
0.954	1.0166638349141
0.955	1.0162943930471
0.956	1.0159252771347
0.957	1.0155564867146
0.958	1.0151880213256
0.959	1.0148198805072
0.960	1.0144520638000
0.961	1.0140845707453
0.962	1.0137174008854
0.963	1.0133505537635
0.964	1.0129840289236
0.965	1.0126178259108
0.966	1.0122519442708
0.967	1.0118863835503
0.968	1.0115211432970
0.969	1.0111562230594
0.970	1.0107916223868
0.971	1.0104273408293
0.972	1.0100633779382
0.973	1.0096997332655
0.974	1.0093364063638
0.975	1.0089733967870
0.976	1.0086107040896
0.977	1.0082483278271
0.978	1.0078862675556
0.979	1.0075245228325
0.980	1.0071630932156
0.981	1.0068019782639
0.982	1.0064411775370
0.983	1.0060806905955
0.984	1.0057205170008
0.985	1.0053606563151
0.986	1.0050011081015
0.987	1.0046418719240
0.988	1.0042829473472
0.989	1.0039243339369
0.990	1.0035660312595
0.991	1.0032080388822
0.992	1.0028503563730
0.993	1.0024929833011
0.994	1.0021359192360
0.995	1.0017791637484
0.996	1.0014227164096
0.997	1.0010665767920
0.998	1.0007107444684
0.999	1.0003552190129
1.000	1.0000000000000
1.001	0.9996450870052
1.002	0.9992904796049
1.003	0.9989361773760
1.004	0.9985821798966
1.005	0.9982284867453
1.006	0.9978750975017
1.007	0.9975220117460
1.008	0.9971692290594
1.009	0.9968167490237
1.010	0.9964645712217
1.011	0.9961126952368
1.012	0.9957611206534
1.013	0.9954098470566
1.014	0.9950588740321
1.015	0.9947082011666
1.016	0.9943578280476
1.017	0.9940077542632
1.018	0.9936579794026
1.019	0.9933085030553
1.020	0.9929593248120
1.021	0.9926104442639
1.022	0.9922618610033
1.023	0.9919135746228
1.024	0.9915655847162
1.025	0.9912178908779
1.026	0.9908704927029
1.027	0.9905233897873
1.028	0.9901765817277
1.029	0.9898300681215
1.030	0.9894838485670
1.031	0.9891379226631
1.032	0.9887922900094
1.033	0.9884469502066
1.034	0.9881019028557
1.035	0.9877571475587
1.036	0.9874126839183
1.037	0.9870685115380
1.038	0.9867246300220
1.039	0.9863810389752
1.040	0.9860377380032
1.041	0.9856947267126
1.042	0.9853520047103
1.043	0.9850095716043
1.044	0.9846674270033
1.045	0.9843255705165
1.046	0.9839840017540
1.047	0.9836427203267
1.048	0.9833017258460
1.049	0.9829610179241
1.050	0.9826205961742
1.051	0.9822804602097
1.052	0.9819406096453
1.053	0.9816010440959
1.054	0.9812617631774
1.055	0.9809227665064
1.056	0.9805840537002
1.057	0.9802456243766
1.058	0.9799074781544
1.059	0.9795696146531
1.060	0.9792320334926
1.061	0.9788947342937
1.062	0.9785577166781
1.063	0.9782209802678
1.064	0.9778845246858
1.065	0.9775483495557
1.066	0.9772124545018
1.067	0.9768768391490
1.068	0.9765415031230
1.069	0.9762064460502
1.070	0.9758716675576
1.071	0.9755371672731
1.072	0.9752029448250
1.073	0.9748689998423
1.074	0.9745353319551
1.075	0.9742019407936
1.076	0.9738688259890
1.077	0.9735359871733
1.078	0.9732034239788
1.079	0.9728711360388
1.080	0.9725391229872
1.081	0.9722073844584
1.082	0.9718759200876
1.083	0.9715447295108
1.084	0.9712138123643
1.085	0.9708831682856
1.086	0.9705527969123
1.087	0.9702226978830
1.088	0.9698928708369
1.089	0.9695633154139
1.090	0.9692340312543
1.091	0.9689050179995
1.092	0.9685762752911
1.093	0.9682478027717
1.094	0.9679196000843
1.095	0.9675916668727
1.096	0.9672640027814
1.097	0.9669366074553
1.098	0.9666094805402
1.099	0.9662826216825
1.100	0.9659560305290
1.101	0.9656297067274
1.102	0.9653036499261
1.103	0.9649778597738
1.104	0.9646523359202
1.105	0.9643270780154
1.106	0.9640020857101
1.107	0.9636773586560
1.108	0.9633528965050
1.109	0.9630286989098
1.110	0.9627047655237
1.111	0.9623810960007
1.112	0.9620576899955
1.113	0.9617345471630
1.114	0.9614116671593
1.115	0.9610890496408
1.116	0.9607666942644
1.117	0.9604446006879
1.118	0.9601227685696
1.119	0.9598011975684
1.120	0.9594798873437
1.121	0.9591588375559
1.122	0.9588380478655
1.123	0.9585175179339
1.124	0.9581972474231
1.125	0.9578772359957
1.126	0.9575574833149
1.127	0.9572379890443
1.128	0.9569187528485
1.129	0.9565997743923
1.130	0.9562810533414
1.131	0.9559625893619
1.132	0.9556443821206
1.133	0.9553264312849
1.134	0.9550087365227
1.135	0.9546912975026
1.136	0.9543741138938
1.137	0.9540571853659
1.138	0.9537405115893
1.139	0.9534240922349
1.140	0.9531079269742
1.141	0.9527920154794
1.142	0.9524763574229
1.143	0.9521609524782
1.144	0.9518458003190
1.145	0.9515309006197
1.146	0.9512162530554
1.147	0.9509018573016
1.148	0.9505877130344
1.149	0.9502738199305
1.150	0.9499601776672
1.151	0.9496467859225
1.152	0.9493336443746
1.153	0.9490207527026
1.154	0.9487081105861
1.155	0.9483957177052
1.156	0.9480835737406
1.157	0.9477716783736
1.158	0.9474600312859
1.159	0.9471486321600
1.160	0.9468374806787
1.161	0.9465265765257
1.162	0.9462159193849
1.163	0.9459055089410
1.164	0.9455953448791
1.165	0.9452854268850
1.166	0.9449757546450
1.167	0.9446663278458
1.168	0.9443571461748
1.169	0.9440482093201
1.170	0.9437395169700
1.171	0.9434310688135
1.172	0.9431228645403
1.173	0.9428149038405
1.174	0.9425071864046
1.175	0.9421997119240
1.176	0.9418924800902
1.177	0.9415854905957
1.178	0.9412787431332
1.179	0.9409722373960
1.180	0.9406659730782
1.181	0.9403599498739
1.182	0.9400541674783
1.183	0.9397486255868
1.184	0.9394433238954
1.185	0.9391382621007
1.186	0.9388334398997
1.187	0.9385288569901
1.188	0.9382245130699
1.189	0.9379204078378
1.190	0.9376165409930
1.191	0.9373129122352
1.192	0.9370095212646
1.193	0.9367063677819
1.194	0.9364034514884
1.195	0.9361007720859
1.196	0.9357983292767
1.197	0.9354961227636
1.198	0.9351941522498
1.199	0.9348924174393
1.200	0.9345909180364
1.201	0.9342896537459
1.202	0.9339886242733
1.203	0.9336878293243
1.204	0.9333872686055
1.205	0.9330869418236
1.206	0.9327868486861
1.207	0.9324869889009
1.208	0.9321873621764
1.209	0.9318879682215
1.210	0.9315888067456
1.211	0.9312898774586
1.212	0.9309911800709
1.213	0.9306927142935
1.214	0.9303944798378
1.215	0.9300964764156
1.216	0.9297987037394
1.217	0.9295011615219
1.218	0.9292038494767
1.219	0.9289067673176
1.220	0.9286099147590
1.221	0.9283132915156
1.222	0.9280168973029
1.223	0.9277207318367
1.224	0.9274247948332
1.225	0.9271290860094
1.226	0.9268336050824
1.227	0.9265383517700
1.228	0.9262433257905
1.229	0.9259485268626
1.230	0.9256539547056
1.231	0.9253596090390
1.232	0.9250654895832
1.233	0.9247715960586
1.234	0.9244779281864
1.235	0.9241844856883
1.236	0.9238912682863
1.237	0.9235982757029
1.238	0.9233055076611
1.239	0.9230129638844
1.240	0.9227206440968
1.241	0.9224285480226
1.242	0.9221366753868
1.243	0.9218450259148
1.244	0.9215535993322
1.245	0.9212623953655
1.246	0.9209714137413
1.247	0.9206806541869
1.248	0.9203901164299
1.249	0.9200998001985
1.250	0.9198097052212
1.251	0.9195198312271
1.252	0.9192301779457
1.253	0.9189407451070
1.254	0.9186515324413
1.255	0.9183625396796
1.256	0.9180737665531
1.257	0.9177852127937
1.258	0.9174968781336
1.259	0.9172087623054
1.260	0.9169208650423
1.261	0.9166331860779
1.262	0.9163457251461
1.263	0.9160584819815
1.264	0.9157714563190
1.265	0.9154846478939
1.266	0.9151980564421
1.267	0.9149116816997
1.268	0.9146255234035
1.269	0.9143395812907
1.270	0.9140538550987
1.271	0.9137683445656
1.272	0.9134830494299
1.273	0.9131979694305
1.274	0.9129131043065
1.275	0.9126284537979
1.276	0.9123440176449
1.277	0.9120597955879
1.278	0.9117757873682
1.279	0.9114919927272
1.280	0.9112084114068
1.281	0.9109250431493
1.282	0.9106418876976
1.283	0.9103589447949
1.284	0.9100762141848
1.285	0.9097936956113
1.286	0.9095113888190
1.287	0.9092292935528
1.288	0.9089474095580
1.289	0.9086657365803
1.290	0.9083842743660
1.291	0.9081030226617
1.292	0.9078219812143
1.293	0.9075411497713
1.294	0.9072605280806
1.295	0.9069801158905
1.296	0.9066999129496
1.297	0.9064199190070
1.298	0.9061401338124
1.299	0.9058605571155
1.300	0.9055811886669
1.301	0.9053020282171
1.302	0.9050230755175
1.303	0.9047443303196
1.304	0.9044657923754
1.305	0.9041874614372
1.306	0.9039093372580
1.307	0.9036314195909
1.308	0.9033537081895
1.309	0.9030762028080
1.310	0.9027989032006
1.311	0.9025218091223
1.312	0.9022449203283
1.313	0.9019682365742
1.314	0.9016917576161
1.315	0.9014154832104
1.316	0.9011394131140
1.317	0.9008635470841
1.318	0.9005878848783
1.319	0.9003124262548
1.320	0.9000371709718
1.321	0.8997621187883
1.322	0.8994872694634
1.323	0.8992126227569
1.324	0.8989381784286
1.325	0.8986639362390
1.326	0.8983898959489
1.327	0.8981160573195
1.328	0.8978424201123
1.329	0.8975689840893
1.330	0.8972957490128
1.331	0.8970227146456
1.332	0.8967498807508
1.333	0.8964772470919
1.334	0.8962048134329
1.335	0.8959325795379
1.336	0.8956605451716
1.337	0.8953887100991
1.338	0.8951170740858
1.339	0.8948456368975
1.340	0.8945743983004
1.341	0.8943033580610
1.342	0.8940325159463
1.343	0.8937618717236
1.344	0.8934914251607
1.345	0.8932211760254
1.346	0.8929511240865
1.347	0.8926812691125
1.348	0.8924116108728
1.349	0.8921421491368
1.350	0.8918728836747
1.351	0.8916038142565
1.352	0.8913349406531
1.353	0.8910662626355
1.354	0.8907977799751
1.355	0.8905294924436
1.356	0.8902613998134
1.357	0.8899935018568
1.358	0.8897257983467
1.359	0.8894582890565
1.360	0.8891909737597
1.361	0.8889238522304
1.362	0.8886569242428
1.363	0.8883901895717
1.364	0.8881236479921
1.365	0.8878572992795
1.366	0.8875911432097
1.367	0.8873251795588
1.368	0.8870594081034
1.369	0.8867938286202
1.370	0.8865284408866
1.371	0.8862632446800
1.372	0.8859982397786
1.373	0.8857334259604
1.374	0.8854688030042
1.375	0.8852043706891
1.376	0.8849401287942
1.377	0.8846760770994
1.378	0.8844122153847
1.379	0.8841485434305
1.380	0.8838850610176
1.381	0.8836217679270
1.382	0.8833586639402
1.383	0.8830957488391
1.384	0.8828330224058
1.385	0.8825704844227
1.386	0.8823081346728
1.387	0.8820459729392
1.388	0.8817839990054
1.389	0.8815222126553
1.390	0.8812606136731
1.391	0.8809992018435
1.392	0.8807379769512
1.393	0.8804769387816
1.394	0.8802160871202
1.395	0.8799554217529
1.396	0.8796949424661
1.397	0.8794346490463
1.398	0.8791745412804
1.399	0.8789146189557
1.400	0.8786548818599
1.401	0.8783953297809
1.402	0.8781359625069
1.403	0.8778767798266
1.404	0.8776177815289
1.405	0.8773589674032
1.406	0.8771003372389
1.407	0.8768418908261
1.408	0.8765836279551
1.409	0.8763255484164
1.410	0.8760676520010
1.411	0.8758099385002
1.412	0.8755524077054
1.413	0.8752950594088
1.414	0.8750378934024
1.415	0.8747809094790
1.416	0.8745241074313
1.417	0.8742674870526
1.418	0.8740110481364
1.419	0.8737547904767
1.420	0.8734987138676
1.421	0.8732428181036
1.422	0.8729871029796
1.423	0.8727315682907
1.424	0.8724762138324
1.425	0.8722210394005
1.426	0.8719660447911
1.427	0.8717112298007
1.428	0.8714565942260
1.429	0.8712021378641
1.430	0.8709478605123
1.431	0.8706937619684
1.432	0.8704398420304
1.433	0.8701861004967
1.434	0.8699325371658
1.435	0.8696791518367
1.436	0.8694259443087
1.437	0.8691729143815
1.438	0.8689200618548
1.439	0.8686673865289
1.440	0.8684148882044
1.441	0.8681625666820
1.442	0.8679104217628
1.443	0.8676584532484
1.444	0.8674066609405
1.445	0.8671550446411
1.446	0.8669036041527
1.447	0.8666523392778
1.448	0.8664012498195
1.449	0.8661503355811
1.450	0.8658995963660
1.451	0.8656490319783
1.452	0.8653986422222
1.453	0.8651484269020
1.454	0.8648983858227
1.455	0.8646485187893
1.456	0.8643988256073
1.457	0.8641493060822
1.458	0.8638999600202
1.459	0.8636507872275
1.460	0.8634017875107
1.461	0.8631529606768
1.462	0.8629043065328
1.463	0.8626558248864
1.464	0.8624075155452
1.465	0.8621593783175
1.466	0.8619114130114
1.467	0.8616636194358
1.468	0.8614159973996
1.469	0.8611685467120
1.470	0.8609212671825
1.471	0.8606741586211
1.472	0.8604272208379
1.473	0.8601804536432
1.474	0.8599338568479
1.475	0.8596874302628
1.476	0.8594411736993
1.477	0.8591950869690
1.478	0.8589491698838
1.479	0.8587034222557
1.480	0.8584578438973
1.481	0.8582124346212
1.482	0.8579671942406
1.483	0.8577221225686
1.484	0.8574772194189
1.485	0.8572324846053
1.486	0.8569879179420
1.487	0.8567435192434
1.488	0.8564992883243
1.489	0.8562552249997
1.490	0.8560113290847
1.491	0.8557676003951
1.492	0.8555240387466
1.493	0.8552806439553
1.494	0.8550374158377
1.495	0.8547943542105
1.496	0.8545514588905
1.497	0.8543087296951
1.498	0.8540661664417
1.499	0.8538237689481
1.500	0.8535815370325
1.501	0.8533394705131
1.502	0.8530975692085
1.503	0.8528558329377
1.504	0.8526142615198
1.505	0.8523728547742
1.506	0.8521316125207
1.507	0.8518905345792
1.508	0.8516496207700
1.509	0.8514088709136
1.510	0.8511682848308
1.511	0.8509278623427
1.512	0.8506876032706
1.513	0.8504475074362
1.514	0.8502075746612
1.515	0.8499678047678
1.516	0.8497281975785
1.517	0.8494887529159
1.518	0.8492494706030
1.519	0.8490103504629
1.520	0.8487713923192
1.521	0.8485325959955
1.522	0.8482939613160
1.523	0.8480554881047
1.524	0.8478171761864
1.525	0.8475790253857
1.526	0.8473410355278
1.527	0.8471032064379
1.528	0.8468655379416
1.529	0.8466280298648
1.530	0.8463906820336
1.531	0.8461534942743
1.532	0.8459164664136
1.533	0.8456795982783
1.534	0.8454428896956
1.535	0.8452063404928
1.536	0.8449699504977
1.537	0.8447337195381
1.538	0.8444976474422
1.539	0.8442617340385
1.540	0.8440259791555
1.541	0.8437903826223
1.542	0.8435549442681
1.543	0.8433196639222
1.544	0.8430845414143
1.545	0.8428495765745
1.546	0.8426147692330
1.547	0.8423801192201
1.548	0.8421456263666
1.549	0.8419112905034
1.550	0.8416771114618
1.551	0.8414430890732
1.552	0.8412092231693
1.553	0.8409755135821
1.554	0.8407419601438
1.555	0.8405085626869
1.556	0.8402753210439
1.557	0.8400422350480
1.558	0.8398093045323
1.559	0.8395765293303
1.560	0.8393439092755
1.561	0.8391114442021
1.562	0.8388791339440
1.563	0.8386469783359
1.564	0.8384149772123
1.565	0.8381831304082
1.566	0.8379514377587
1.567	0.8377198990992
1.568	0.8374885142654
1.569	0.8372572830932
1.570	0.8370262054186
1.571	0.8367952810781
1.572	0.8365645099082
1.573	0.8363338917458
1.574	0.8361034264280
1.575	0.8358731137922
1.576	0.8356429536758
1.577	0.8354129459167
1.578	0.8351830903530
1.579	0.8349533868228
1.580	0.8347238351648
1.581	0.8344944352177
1.582	0.8342651868204
1.583	0.8340360898122
1.584	0.8338071440326
1.585	0.8335783493213
1.586	0.8333497055181
1.587	0.8331212124633
1.588	0.8328928699972
1.589	0.8326646779605
1.590	0.8324366361941
1.591	0.8322087445390
1.592	0.8319810028365
1.593	0.8317534109283
1.594	0.8315259686561
1.595	0.8312986758619
1.596	0.8310715323880
1.597	0.8308445380768
1.598	0.8306176927711
1.599	0.8303909963138
1.600	0.8301644485481
1.601	0.8299380493174
1.602	0.8297117984652
1.603	0.8294856958355
1.604	0.8292597412723
1.605	0.8290339346199
1.606	0.8288082757229
1.607	0.8285827644259
1.608	0.8283574005741
1.609	0.8281321840124
1.610	0.8279071145865
1.611	0.8276821921420
1.612	0.8274574165247
1.613	0.8272327875806
1.614	0.8270083051563
1.615	0.8267839690981
1.616	0.8265597792528
1.617	0.8263357354675
1.618	0.8261118375893
1.619	0.8258880854657
1.620	0.8256644789443
1.621	0.8254410178730
1.622	0.8252177020998
1.623	0.8249945314730
1.624	0.8247715058413
1.625	0.8245486250533
1.626	0.8243258889579
1.627	0.8241032974044
1.628	0.8238808502422
1.629	0.8236585473208
1.630	0.8234363884901
1.631	0.8232143736001
1.632	0.8229925025010
1.633	0.8227707750435
1.634	0.8225491910780
1.635	0.8223277504556
1.636	0.8221064530273
1.637	0.8218852986445
1.638	0.8216642871587
1.639	0.8214434184216
1.640	0.8212226922853
1.641	0.8210021086019
1.642	0.8207816672237
1.643	0.8205613680034
1.644	0.8203412107938
1.645	0.8201211954480
1.646	0.8199013218190
1.647	0.8196815897605
1.648	0.8194619991259
1.649	0.8192425497692
1.650	0.8190232415445
1.651	0.8188040743060
1.652	0.8185850479081
1.653	0.8183661622057
1.654	0.8181474170535
1.655	0.8179288123067
1.656	0.8177103478206
1.657	0.8174920234506
1.658	0.8172738390526
1.659	0.8170557944824
1.660	0.8168378895961
1.661	0.8166201242502
1.662	0.8164024983010
1.663	0.8161850116054
1.664	0.8159676640203
1.665	0.8157504554029
1.666	0.8155333856105
1.667	0.8153164545005
1.668	0.8150996619309
1.669	0.8148830077595
1.670	0.8146664918445
1.671	0.8144501140443
1.672	0.8142338742173
1.673	0.8140177722224
1.674	0.8138018079185
1.675	0.8135859811648
1.676	0.8133702918205
1.677	0.8131547397453
1.678	0.8129393247990
1.679	0.8127240468413
1.680	0.8125089057325
1.681	0.8122939013330
1.682	0.8120790335032
1.683	0.8118643021039
1.684	0.8116497069960
1.685	0.8114352480407
1.686	0.8112209250992
1.687	0.8110067380331
1.688	0.8107926867041
1.689	0.8105787709740
1.690	0.8103649907050
1.691	0.8101513457594
1.692	0.8099378359997
1.693	0.8097244612884
1.694	0.8095112214885
1.695	0.8092981164631
1.696	0.8090851460754
1.697	0.8088723101888
1.698	0.8086596086670
1.699	0.8084470413738
1.700	0.8082346081733
1.701	0.8080223089295
1.702	0.8078101435069
1.703	0.8075981117702
1.704	0.8073862135840
1.705	0.8071744488133
1.706	0.8069628173233
1.707	0.8067513189794
1.708	0.8065399536469
1.709	0.8063287211918
1.710	0.8061176214798
1.711	0.8059066543770
1.712	0.8056958197498
1.713	0.8054851174645
1.714	0.8052745473878
1.715	0.8050641093866
1.716	0.8048538033279
1.717	0.8046436290788
1.718	0.8044335865068
1.719	0.8042236754794
1.720	0.8040138958644
1.721	0.8038042475296
1.722	0.8035947303433
1.723	0.8033853441738
1.724	0.8031760888894
1.725	0.8029669643589
1.726	0.8027579704511
1.727	0.8025491070351
1.728	0.8023403739801
1.729	0.8021317711554
1.730	0.8019232984306
1.731	0.8017149556755
1.732	0.8015067427600
1.733	0.8012986595542
1.734	0.8010907059285
1.735	0.8008828817532
1.736	0.8006751868990
1.737	0.8004676212369
1.738	0.8002601846376
1.739	0.8000528769725
1.740	0.7998456981129
1.741	0.7996386479304
1.742	0.7994317262966
1.743	0.7992249330834
1.744	0.7990182681630
1.745	0.7988117314075
1.746	0.7986053226894
1.747	0.7983990418812
1.748	0.7981928888557
1.749	0.7979868634860
1.750	0.7977809656450
1.751	0.7975751952060
1.752	0.7973695520426
1.753	0.7971640360284
1.754	0.7969586470372
1.755	0.7967533849430
1.756	0.7965482496198
1.757	0.7963432409421
1.758	0.7961383587844
1.759	0.7959336030213
1.760	0.7957289735277
1.761	0.7955244701785
1.762	0.7953200928490
1.763	0.7951158414145
1.764	0.7949117157506
1.765	0.7947077157329
1.766	0.7945038412373
1.767	0.7943000921398
1.768	0.7940964683167
1.769	0.7938929696443
1.770	0.7936895959991
1.771	0.7934863472578
1.772	0.7932832232974
1.773	0.7930802239949
1.774	0.7928773492274
1.775	0.7926745988724
1.776	0.7924719728074
1.777	0.7922694709101
1.778	0.7920670930583
1.779	0.7918648391302
1.780	0.7916627090039
1.781	0.7914607025578
1.782	0.7912588196705
1.783	0.7910570602205
1.784	0.7908554240869
1.785	0.7906539111486
1.786	0.7904525212848
1.787	0.7902512543749
1.788	0.7900501102984
1.789	0.7898490889350
1.790	0.7896481901644
1.791	0.7894474138668
1.792	0.7892467599223
1.793	0.7890462282113
1.794	0.7888458186141
1.795	0.7886455310116
1.796	0.7884453652844
1.797	0.7882453213135
1.798	0.7880453989802
1.799	0.7878455981657
1.800	0.7876459187514
1.801	0.7874463606189
1.802	0.7872469236501
1.803	0.7870476077269
1.804	0.7868484127313
1.805	0.7866493385457
1.806	0.7864503850523
1.807	0.7862515521339
1.808	0.7860528396730
1.809	0.7858542475527
1.810	0.7856557756558
1.811	0.7854574238657
1.812	0.7852591920657
1.813	0.7850610801392
1.814	0.7848630879700
1.815	0.7846652154419
1.816	0.7844674624388
1.817	0.7842698288449
1.818	0.7840723145444
1.819	0.7838749194218
1.820	0.7836776433617
1.821	0.7834804862489
1.822	0.7832834479682
1.823	0.7830865284047
1.824	0.7828897274436
1.825	0.7826930449703
1.826	0.7824964808702
1.827	0.7823000350292
1.828	0.7821037073329
1.829	0.7819074976673
1.830	0.7817114059186
1.831	0.7815154319731
1.832	0.7813195757171
1.833	0.7811238370373
1.834	0.7809282158204
1.835	0.7807327119532
1.836	0.7805373253229
1.837	0.7803420558165
1.838	0.7801469033214
1.839	0.7799518677251
1.840	0.7797569489152
1.841	0.7795621467795
1.842	0.7793674612059
1.843	0.7791728920825
1.844	0.7789784392975
1.845	0.7787841027393
1.846	0.7785898822964
1.847	0.7783957778575
1.848	0.7782017893113
1.849	0.7780079165469
1.850	0.7778141594534
1.851	0.7776205179200
1.852	0.7774269918360
1.853	0.7772335810911
1.854	0.7770402855750
1.855	0.7768471051775
1.856	0.7766540397885
1.857	0.7764610892982
1.858	0.7762682535969
1.859	0.7760755325749
1.860	0.7758829261229
1.861	0.7756904341316
1.862	0.7754980564918
1.863	0.7753057930944
1.864	0.7751136438307
1.865	0.7749216085919
1.866	0.7747296872695
1.867	0.7745378797549
1.868	0.7743461859400
1.869	0.7741546057165
1.870	0.7739631389764
1.871	0.7737717856119
1.872	0.7735805455153
1.873	0.7733894185790
1.874	0.7731984046955
1.875	0.7730075037575
1.876	0.7728167156579
1.877	0.7726260402897
1.878	0.7724354775459
1.879	0.7722450273198
1.880	0.7720546895048
1.881	0.7718644639946
1.882	0.7716743506826
1.883	0.7714843494628
1.884	0.7712944602291
1.885	0.7711046828756
1.886	0.7709150172965
1.887	0.7707254633862
1.888	0.7705360210392
1.889	0.7703466901502
1.890	0.7701574706138
1.891	0.7699683623252
1.892	0.7697793651792
1.893	0.7695904790711
1.894	0.7694017038962
1.895	0.7692130395501
1.896	0.7690244859282
1.897	0.7688360429263
1.898	0.7686477104403
1.899	0.7684594883662
1.900	0.7682713766001
1.901	0.7680833750383
1.902	0.7678954835773
1.903	0.7677077021135
1.904	0.7675200305437
1.905	0.7673324687646
1.906	0.7671450166733
1.907	0.7669576741667
1.908	0.7667704411421
1.909	0.7665833174969
1.910	0.7663963031284
1.911	0.7662093979345
1.912	0.7660226018126
1.913	0.7658359146609
1.914	0.7656493363772
1.915	0.7654628668597
1.916	0.7652765060067
1.917	0.7650902537166
1.918	0.7649041098878
1.919	0.7647180744192
1.920	0.7645321472094
1.921	0.7643463281574
1.922	0.7641606171622
1.923	0.7639750141231
1.924	0.7637895189393
1.925	0.7636041315104
1.926	0.7634188517358
1.927	0.7632336795152
1.928	0.7630486147486
1.929	0.7628636573358
1.930	0.7626788071770
1.931	0.7624940641723
1.932	0.7623094282222
1.933	0.7621248992271
1.934	0.7619404770875
1.935	0.7617561617043
1.936	0.7615719529782
1.937	0.7613878508103
1.938	0.7612038551017
1.939	0.7610199657536
1.940	0.7608361826673
1.941	0.7606525057444
1.942	0.7604689348865
1.943	0.7602854699953
1.944	0.7601021109726
1.945	0.7599188577206
1.946	0.7597357101412
1.947	0.7595526681367
1.948	0.7593697316096
1.949	0.7591869004622
1.950	0.7590041745972
1.951	0.7588215539174
1.952	0.7586390383256
1.953	0.7584566277247
1.954	0.7582743220180
1.955	0.7580921211086
1.956	0.7579100248999
1.957	0.7577280332954
1.958	0.7575461461986
1.959	0.7573643635134
1.960	0.7571826851435
1.961	0.7570011109929
1.962	0.7568196409658
1.963	0.7566382749662
1.964	0.7564570128987
1.965	0.7562758546675
1.966	0.7560948001774
1.967	0.7559138493330
1.968	0.7557330020390
1.969	0.7555522582006
1.970	0.7553716177226
1.971	0.7551910805104
1.972	0.7550106464691
1.973	0.7548303155043
1.974	0.7546500875214
1.975	0.7544699624262
1.976	0.7542899401244
1.977	0.7541100205218
1.978	0.7539302035246
1.979	0.7537504890388
1.980	0.7535708769708
1.981	0.7533913672268
1.982	0.7532119597134
1.983	0.7530326543371
1.984	0.7528534510048
1.985	0.7526743496232
1.986	0.7524953500993
1.987	0.7523164523402
1.988	0.7521376562531
1.989	0.7519589617453
1.990	0.7517803687242
1.991	0.7516018770973
1.992	0.7514234867724
1.993	0.7512451976572
1.994	0.7510670096596
1.995	0.7508889226876
1.996	0.7507109366493
1.997	0.7505330514530
1.998	0.7503552670070
1.999	0.7501775832198
2.000	0.7500000000000
