0.000	1.6449340661841
0.001	1.6437330905692
0.002	1.6425342733935
0.003	1.6413376084718
0.004	1.6401430896432
0.005	1.6389507107708
0.006	1.6377604657418
0.007	1.6365723484669
0.008	1.6353863528809
0.009	1.6342024729419
0.010	1.6330207026316
0.011	1.6318410359549
0.012	1.6306634669402
0.013	1.6294879896388
0.014	1.6283145981251
0.015	1.6271432864965
0.016	1.6259740488730
0.017	1.6248068793973
0.018	1.6236417722349
0.019	1.6224787215735
0.020	1.6213177216233
0.021	1.6201587666167
0.022	1.6190018508081
0.023	1.6178469684743
0.024	1.6166941139136
0.025	1.6155432814463
0.026	1.6143944654145
0.027	1.6132476601817
0.028	1.6121028601330
0.029	1.6109600596750
0.030	1.6098192532355
0.031	1.6086804352634
0.032	1.6075436002288
0.033	1.6064087426228
0.034	1.6052758569574
0.035	1.6041449377652
0.036	1.6030159795998
0.037	1.6018889770352
0.038	1.6007639246658
0.039	1.5996408171065
0.040	1.5985196489927
0.041	1.5974004149797
0.042	1.5962831097430
0.043	1.5951677279781
0.044	1.5940542644006
0.045	1.5929427137455
0.046	1.5918330707680
0.047	1.5907253302426
0.048	1.5896194869636
0.049	1.5885155357444
0.050	1.5874134714181
0.051	1.5863132888369
0.052	1.5852149828721
0.053	1.5841185484144
0.054	1.5830239803731
0.055	1.5819312736767
0.056	1.5808404232723
0.057	1.5797514241259
0.058	1.5786642712220
0.059	1.5775789595638
0.060	1.5764954841729
0.061	1.5754138400892
0.062	1.5743340223710
0.063	1.5732560260948
0.064	1.5721798463552
0.065	1.5711054782649
0.066	1.5700329169543
0.067	1.5689621575721
0.068	1.5678931952845
0.069	1.5668260252754
0.070	1.5657606427465
0.071	1.5646970429170
0.072	1.5636352210233
0.073	1.5625751723196
0.074	1.5615168920771
0.075	1.5604603755844
0.076	1.5594056181470
0.077	1.5583526150879
0.078	1.5573013617467
0.079	1.5562518534799
0.080	1.5552040856612
0.081	1.5541580536807
0.082	1.5531137529453
0.083	1.5520711788785
0.084	1.5510303269203
0.085	1.5499911925273
0.086	1.5489537711723
0.087	1.5479180583445
0.088	1.5468840495491
0.089	1.5458517403079
0.090	1.5448211261584
0.091	1.5437922026542
0.092	1.5427649653649
0.093	1.5417394098759
0.094	1.5407155317885
0.095	1.5396933267196
0.096	1.5386727903017
0.097	1.5376539181831
0.098	1.5366367060275
0.099	1.5356211495138
0.100	1.5346072443367
0.101	1.5335949862059
0.102	1.5325843708465
0.103	1.5315753939985
0.104	1.5305680514173
0.105	1.5295623388732
0.106	1.5285582521514
0.107	1.5275557870521
0.108	1.5265549393903
0.109	1.5255557049957
0.110	1.5245580797127
0.111	1.5235620594005
0.112	1.5225676399326
0.113	1.5215748171972
0.114	1.5205835870969
0.115	1.5195939455485
0.116	1.5186058884834
0.117	1.5176194118471
0.118	1.5166345115991
0.119	1.5156511837134
0.120	1.5146694241776
0.121	1.5136892289938
0.122	1.5127105941777
0.123	1.5117335157588
0.124	1.5107579897807
0.125	1.5097840123006
0.126	1.5088115793894
0.127	1.5078406871316
0.128	1.5068713316253
0.129	1.5059035089821
0.130	1.5049372153270
0.131	1.5039724467986
0.132	1.5030091995485
0.133	1.5020474697419
0.134	1.5010872535571
0.135	1.5001285471854
0.136	1.4991713468314
0.137	1.4982156487127
0.138	1.4972614490599
0.139	1.4963087441164
0.140	1.4953575301387
0.141	1.4944078033960
0.142	1.4934595601702
0.143	1.4925127967561
0.144	1.4915675094609
0.145	1.4906236946046
0.146	1.4896813485196
0.147	1.4887404675511
0.148	1.4878010480563
0.149	1.4868630864051
0.150	1.4859265789795
0.151	1.4849915221742
0.152	1.4840579123955
0.153	1.4831257460625
0.154	1.4821950196059
0.155	1.4812657294688
0.156	1.4803378721063
0.157	1.4794114439853
0.158	1.4784864415847
0.159	1.4775628613953
0.160	1.4766406999197
0.161	1.4757199536723
0.162	1.4748006191790
0.163	1.4738826929776
0.164	1.4729661716175
0.165	1.4720510516595
0.166	1.4711373296762
0.167	1.4702250022513
0.168	1.4693140659803
0.169	1.4684045174697
0.170	1.4674963533377
0.171	1.4665895702134
0.172	1.4656841647374
0.173	1.4647801335613
0.174	1.4638774733481
0.175	1.4629761807716
0.176	1.4620762525168
0.177	1.4611776852796
0.178	1.4602804757669
0.179	1.4593846206965
0.180	1.4584901167971
0.181	1.4575969608081
0.182	1.4567051494797
0.183	1.4558146795730
0.184	1.4549255478594
0.185	1.4540377511214
0.186	1.4531512861517
0.187	1.4522661497537
0.188	1.4513823387413
0.189	1.4504998499389
0.190	1.4496186801812
0.191	1.4487388263133
0.192	1.4478602851907
0.193	1.4469830536792
0.194	1.4461071286546
0.195	1.4452325070032
0.196	1.4443591856213
0.197	1.4434871614154
0.198	1.4426164313019
0.199	1.4417469922075
0.200	1.4408788410686
0.201	1.4400119748318
0.202	1.4391463904534
0.203	1.4382820848998
0.204	1.4374190551470
0.205	1.4365572981809
0.206	1.4356968109971
0.207	1.4348375906010
0.208	1.4339796340076
0.209	1.4331229382415
0.210	1.4322675003369
0.211	1.4314133173375
0.212	1.4305603862968
0.213	1.4297087042774
0.214	1.4288582683515
0.215	1.4280090756007
0.216	1.4271611231159
0.217	1.4263144079975
0.218	1.4254689273548
0.219	1.4246246783068
0.220	1.4237816579813
0.221	1.4229398635157
0.222	1.4220992920560
0.223	1.4212599407578
0.224	1.4204218067855
0.225	1.4195848873126
0.226	1.4187491795214
0.227	1.4179146806035
0.228	1.4170813877590
0.229	1.4162492981973
0.230	1.4154184091363
0.231	1.4145887178029
0.232	1.4137602214327
0.233	1.4129329172701
0.234	1.4121068025681
0.235	1.4112818745884
0.236	1.4104581306014
0.237	1.4096355678861
0.238	1.4088141837299
0.239	1.4079939754288
0.240	1.4071749402875
0.241	1.4063570756190
0.242	1.4055403787445
0.243	1.4047248469941
0.244	1.4039104777059
0.245	1.4030972682263
0.246	1.4022852159102
0.247	1.4014743181206
0.248	1.4006645722289
0.249	1.3998559756146
0.250	1.3990485256653
0.251	1.3982422197768
0.252	1.3974370553530
0.253	1.3966330298059
0.254	1.3958301405555
0.255	1.3950283850297
0.256	1.3942277606647
0.257	1.3934282649042
0.258	1.3926298952002
0.259	1.3918326490123
0.260	1.3910365238081
0.261	1.3902415170631
0.262	1.3894476262603
0.263	1.3886548488908
0.264	1.3878631824531
0.265	1.3870726244537
0.266	1.3862831724065
0.267	1.3854948238333
0.268	1.3847075762632
0.269	1.3839214272333
0.270	1.3831363742878
0.271	1.3823524149787
0.272	1.3815695468653
0.273	1.3807877675147
0.274	1.3800070745010
0.275	1.3792274654061
0.276	1.3784489378189
0.277	1.3776714893359
0.278	1.3768951175610
0.279	1.3761198201050
0.280	1.3753455945864
0.281	1.3745724386306
0.282	1.3738003498705
0.283	1.3730293259459
0.284	1.3722593645039
0.285	1.3714904631988
0.286	1.3707226196918
0.287	1.3699558316513
0.288	1.3691900967528
0.289	1.3684254126786
0.290	1.3676617771182
0.291	1.3668991877679
0.292	1.3661376423311
0.293	1.3653771385179
0.294	1.3646176740456
0.295	1.3638592466381
0.296	1.3631018540261
0.297	1.3623454939473
0.298	1.3615901641460
0.299	1.3608358623734
0.300	1.3600825863874
0.301	1.3593303339524
0.302	1.3585791028398
0.303	1.3578288908274
0.304	1.3570796956998
0.305	1.3563315152480
0.306	1.3555843472698
0.307	1.3548381895694
0.308	1.3540930399576
0.309	1.3533488962517
0.310	1.3526057562754
0.311	1.3518636178589
0.312	1.3511224788389
0.313	1.3503823370584
0.314	1.3496431903668
0.315	1.3489050366199
0.316	1.3481678736798
0.317	1.3474316994150
0.318	1.3466965117002
0.319	1.3459623084163
0.320	1.3452290874505
0.321	1.3444968466963
0.322	1.3437655840534
0.323	1.3430352974274
0.324	1.3423059847304
0.325	1.3415776438803
0.326	1.3408502728015
0.327	1.3401238694240
0.328	1.3393984316843
0.329	1.3386739575246
0.330	1.3379504448933
0.331	1.3372278917447
0.332	1.3365062960391
0.333	1.3357856557429
0.334	1.3350659688280
0.335	1.3343472332727
0.336	1.3336294470609
0.337	1.3329126081824
0.338	1.3321967146328
0.339	1.3314817644135
0.340	1.3307677555319
0.341	1.3300546860010
0.342	1.3293425538395
0.343	1.3286313570720
0.344	1.3279210937287
0.345	1.3272117618454
0.346	1.3265033594638
0.347	1.3257958846310
0.348	1.3250893353999
0.349	1.3243837098290
0.350	1.3236790059823
0.351	1.3229752219294
0.352	1.3222723557455
0.353	1.3215704055111
0.354	1.3208693693125
0.355	1.3201692452413
0.356	1.3194700313947
0.357	1.3187717258753
0.358	1.3180743267909
0.359	1.3173778322550
0.360	1.3166822403864
0.361	1.3159875493093
0.362	1.3152937571530
0.363	1.3146008620525
0.364	1.3139088621479
0.365	1.3132177555846
0.366	1.3125275405132
0.367	1.3118382150898
0.368	1.3111497774754
0.369	1.3104622258365
0.370	1.3097755583447
0.371	1.3090897731766
0.372	1.3084048685143
0.373	1.3077208425447
0.374	1.3070376934601
0.375	1.3063554194576
0.376	1.3056740187398
0.377	1.3049934895139
0.378	1.3043138299924
0.379	1.3036350383930
0.380	1.3029571129379
0.381	1.3022800518549
0.382	1.3016038533763
0.383	1.3009285157396
0.384	1.3002540371871
0.385	1.2995804159663
0.386	1.2989076503292
0.387	1.2982357385330
0.388	1.2975646788396
0.389	1.2968944695159
0.390	1.2962251088336
0.391	1.2955565950690
0.392	1.2948889265036
0.393	1.2942221014233
0.394	1.2935561181190
0.395	1.2928909748862
0.396	1.2922266700254
0.397	1.2915632018415
0.398	1.2909005686443
0.399	1.2902387687482
0.400	1.2895778004723
0.401	1.2889176621404
0.402	1.2882583520808
0.403	1.2875998686266
0.404	1.2869422101153
0.405	1.2862853748891
0.406	1.2856293612949
0.407	1.2849741676839
0.408	1.2843197924120
0.409	1.2836662338396
0.410	1.2830134903316
0.411	1.2823615602573
0.412	1.2817104419907
0.413	1.2810601339101
0.414	1.2804106343981
0.415	1.2797619418421
0.416	1.2791140546337
0.417	1.2784669711688
0.418	1.2778206898478
0.419	1.2771752090756
0.420	1.2765305272613
0.421	1.2758866428182
0.422	1.2752435541643
0.423	1.2746012597215
0.424	1.2739597579163
0.425	1.2733190471793
0.426	1.2726791259455
0.427	1.2720399926541
0.428	1.2714016457484
0.429	1.2707640836762
0.430	1.2701273048892
0.431	1.2694913078434
0.432	1.2688560909992
0.433	1.2682216528208
0.434	1.2675879917769
0.435	1.2669551063400
0.436	1.2663229949869
0.437	1.2656916561985
0.438	1.2650610884598
0.439	1.2644312902599
0.440	1.2638022600918
0.441	1.2631739964528
0.442	1.2625464978440
0.443	1.2619197627707
0.444	1.2612937897420
0.445	1.2606685772714
0.446	1.2600441238758
0.447	1.2594204280767
0.448	1.2587974883990
0.449	1.2581753033719
0.450	1.2575538715283
0.451	1.2569331914052
0.452	1.2563132615435
0.453	1.2556940804878
0.454	1.2550756467867
0.455	1.2544579589928
0.456	1.2538410156622
0.457	1.2532248153551
0.458	1.2526093566355
0.459	1.2519946380711
0.460	1.2513806582336
0.461	1.2507674156983
0.462	1.2501549090442
0.463	1.2495431368544
0.464	1.2489320977153
0.465	1.2483217902175
0.466	1.2477122129549
0.467	1.2471033645255
0.468	1.2464952435306
0.469	1.2458878485754
0.470	1.2452811782689
0.471	1.2446752312235
0.472	1.2440700060553
0.473	1.2434655013843
0.474	1.2428617158337
0.475	1.2422586480307
0.476	1.2416562966058
0.477	1.2410546601933
0.478	1.2404537374310
0.479	1.2398535269602
0.480	1.2392540274259
0.481	1.2386552374765
0.482	1.2380571557639
0.483	1.2374597809437
0.484	1.2368631116748
0.485	1.2362671466198
0.486	1.2356718844447
0.487	1.2350773238188
0.488	1.2344834634151
0.489	1.2338903019100
0.490	1.2332978379832
0.491	1.2327060703179
0.492	1.2321149976008
0.493	1.2315246185219
0.494	1.2309349317746
0.495	1.2303459360558
0.496	1.2297576300655
0.497	1.2291700125074
0.498	1.2285830820883
0.499	1.2279968375184
0.500	1.2274112775112
0.501	1.2268264007837
0.502	1.2262422060559
0.503	1.2256586920513
0.504	1.2250758574967
0.505	1.2244937011220
0.506	1.2239122216605
0.507	1.2233314178487
0.508	1.2227512884263
0.509	1.2221718321364
0.510	1.2215930477252
0.511	1.2210149339420
0.512	1.2204374895394
0.513	1.2198607132733
0.514	1.2192846039026
0.515	1.2187091601894
0.516	1.2181343808990
0.517	1.2175602648000
0.518	1.2169868106637
0.519	1.2164140172650
0.520	1.2158418833816
0.521	1.2152704077946
0.522	1.2146995892878
0.523	1.2141294266483
0.524	1.2135599186665
0.525	1.2129910641354
0.526	1.2124228618515
0.527	1.2118553106139
0.528	1.2112884092252
0.529	1.2107221564908
0.530	1.2101565512190
0.531	1.2095915922213
0.532	1.2090272783120
0.533	1.2084636083088
0.534	1.2079005810318
0.535	1.2073381953046
0.536	1.2067764499533
0.537	1.2062153438073
0.538	1.2056548756989
0.539	1.2050950444631
0.540	1.2045358489380
0.541	1.2039772879646
0.542	1.2034193603868
0.543	1.2028620650513
0.544	1.2023054008079
0.545	1.2017493665090
0.546	1.2011939610100
0.547	1.2006391831693
0.548	1.2000850318480
0.549	1.1995315059099
0.550	1.1989786042219
0.551	1.1984263256536
0.552	1.1978746690773
0.553	1.1973236333684
0.554	1.1967732174048
0.555	1.1962234200673
0.556	1.1956742402395
0.557	1.1951256768077
0.558	1.1945777286611
0.559	1.1940303946915
0.560	1.1934836737935
0.561	1.1929375648645
0.562	1.1923920668045
0.563	1.1918471785162
0.564	1.1913028989052
0.565	1.1907592268797
0.566	1.1902161613505
0.567	1.1896737012312
0.568	1.1891318454379
0.569	1.1885905928897
0.570	1.1880499425081
0.571	1.1875098932173
0.572	1.1869704439441
0.573	1.1864315936180
0.574	1.1858933411711
0.575	1.1853556855382
0.576	1.1848186256565
0.577	1.1842821604661
0.578	1.1837462889094
0.579	1.1832110099315
0.580	1.1826763224802
0.581	1.1821422255056
0.582	1.1816087179606
0.583	1.1810757988006
0.584	1.1805434669835
0.585	1.1800117214697
0.586	1.1794805612222
0.587	1.1789499852065
0.588	1.1784199923907
0.589	1.1778905817451
0.590	1.1773617522429
0.591	1.1768335028596
0.592	1.1763058325731
0.593	1.1757787403639
0.594	1.1752522252149
0.595	1.1747262861116
0.596	1.1742009220417
0.597	1.1736761319956
0.598	1.1731519149659
0.599	1.1726282699479
0.600	1.1721051959391
0.601	1.1715826919395
0.602	1.1710607569515
0.603	1.1705393899799
0.604	1.1700185900319
0.605	1.1694983561170
0.606	1.1689786872473
0.607	1.1684595824369
0.608	1.1679410407028
0.609	1.1674230610638
0.610	1.1669056425413
0.611	1.1663887841592
0.612	1.1658724849435
0.613	1.1653567439225
0.614	1.1648415601271
0.615	1.1643269325901
0.616	1.1638128603471
0.617	1.1632993424356
0.618	1.1627863778955
0.619	1.1622739657692
0.620	1.1617621051010
0.621	1.1612507949377
0.622	1.1607400343284
0.623	1.1602298223245
0.624	1.1597201579793
0.625	1.1592110403488
0.626	1.1587024684909
0.627	1.1581944414660
0.628	1.1576869583364
0.629	1.1571800181670
0.630	1.1566736200246
0.631	1.1561677629783
0.632	1.1556624460995
0.633	1.1551576684617
0.634	1.1546534291406
0.635	1.1541497272140
0.636	1.1536465617620
0.637	1.1531439318668
0.638	1.1526418366127
0.639	1.1521402750864
0.640	1.1516392463765
0.641	1.1511387495737
0.642	1.1506387837710
0.643	1.1501393480636
0.644	1.1496404415485
0.645	1.1491420633250
0.646	1.1486442124947
0.647	1.1481468881610
0.648	1.1476500894295
0.649	1.1471538154079
0.650	1.1466580652060
0.651	1.1461628379357
0.652	1.1456681327108
0.653	1.1451739486475
0.654	1.1446802848636
0.655	1.1441871404794
0.656	1.1436945146170
0.657	1.1432024064005
0.658	1.1427108149563
0.659	1.1422197394125
0.660	1.1417291788994
0.661	1.1412391325494
0.662	1.1407495994967
0.663	1.1402605788776
0.664	1.1397720698305
0.665	1.1392840714956
0.666	1.1387965830153
0.667	1.1383096035337
0.668	1.1378231321972
0.669	1.1373371681540
0.670	1.1368517105541
0.671	1.1363667585498
0.672	1.1358823112952
0.673	1.1353983679463
0.674	1.1349149276610
0.675	1.1344319895992
0.676	1.1339495529229
0.677	1.1334676167957
0.678	1.1329861803834
0.679	1.1325052428535
0.680	1.1320248033755
0.681	1.1315448611208
0.682	1.1310654152628
0.683	1.1305864649766
0.684	1.1301080094394
0.685	1.1296300478299
0.686	1.1291525793291
0.687	1.1286756031197
0.688	1.1281991183863
0.689	1.1277231243151
0.690	1.1272476200946
0.691	1.1267726049148
0.692	1.1262980779677
0.693	1.1258240384471
0.694	1.1253504855486
0.695	1.1248774184696
0.696	1.1244048364095
0.697	1.1239327385693
0.698	1.1234611241520
0.699	1.1229899923621
0.700	1.1225193424063
0.701	1.1220491734928
0.702	1.1215794848317
0.703	1.1211102756349
0.704	1.1206415451161
0.705	1.1201732924905
0.706	1.1197055169756
0.707	1.1192382177901
0.708	1.1187713941549
0.709	1.1183050452924
0.710	1.1178391704267
0.711	1.1173737687840
0.712	1.1169088395918
0.713	1.1164443820797
0.714	1.1159803954787
0.715	1.1155168790218
0.716	1.1150538319436
0.717	1.1145912534804
0.718	1.1141291428702
0.719	1.1136674993527
0.720	1.1132063221695
0.721	1.1127456105636
0.722	1.1122853637799
0.723	1.1118255810648
0.724	1.1113662616666
0.725	1.1109074048350
0.726	1.1104490098217
0.727	1.1099910758799
0.728	1.1095336022644
0.729	1.1090765882316
0.730	1.1086200330399
0.731	1.1081639359490
0.732	1.1077082962203
0.733	1.1072531131170
0.734	1.1067983859038
0.735	1.1063441138470
0.736	1.1058902962147
0.737	1.1054369322764
0.738	1.1049840213034
0.739	1.1045315625685
0.740	1.1040795553462
0.741	1.1036279989124
0.742	1.1031768925448
0.743	1.1027262355226
0.744	1.1022760271267
0.745	1.1018262666395
0.746	1.1013769533449
0.747	1.1009280865285
0.748	1.1004796654774
0.749	1.1000316894803
0.750	1.0995841578275
0.751	1.0991370698107
0.752	1.0986904247234
0.753	1.0982442218605
0.754	1.0977984605183
0.755	1.0973531399950
0.756	1.0969082595900
0.757	1.0964638186044
0.758	1.0960198163408
0.759	1.0955762521033
0.760	1.0951331251976
0.761	1.0946904349307
0.762	1.0942481806115
0.763	1.0938063615499
0.764	1.0933649770578
0.765	1.0929240264482
0.766	1.0924835090359
0.767	1.0920434241369
0.768	1.0916037710689
0.769	1.0911645491510
0.770	1.0907257577039
0.771	1.0902873960495
0.772	1.0898494635115
0.773	1.0894119594148
0.774	1.0889748830859
0.775	1.0885382338527
0.776	1.0881020110446
0.777	1.0876662139924
0.778	1.0872308420284
0.779	1.0867958944863
0.780	1.0863613707012
0.781	1.0859272700097
0.782	1.0854935917499
0.783	1.0850603352611
0.784	1.0846274998842
0.785	1.0841950849615
0.786	1.0837630898367
0.787	1.0833315138549
0.788	1.0829003563625
0.789	1.0824696167076
0.790	1.0820392942393
0.791	1.0816093883085
0.792	1.0811798982671
0.793	1.0807508234687
0.794	1.0803221632681
0.795	1.0798939170216
0.796	1.0794660840868
0.797	1.0790386638226
0.798	1.0786116555895
0.799	1.0781850587491
0.800	1.0777588726646
0.801	1.0773330967003
0.802	1.0769077302221
0.803	1.0764827725971
0.804	1.0760582231939
0.805	1.0756340813821
0.806	1.0752103465331
0.807	1.0747870180192
0.808	1.0743640952144
0.809	1.0739415774939
0.810	1.0735194642340
0.811	1.0730977548126
0.812	1.0726764486089
0.813	1.0722555450033
0.814	1.0718350433776
0.815	1.0714149431147
0.816	1.0709952435991
0.817	1.0705759442165
0.818	1.0701570443537
0.819	1.0697385433991
0.820	1.0693204407422
0.821	1.0689027357738
0.822	1.0684854278861
0.823	1.0680685164723
0.824	1.0676520009273
0.825	1.0672358806468
0.826	1.0668201550282
0.827	1.0664048234699
0.828	1.0659898853717
0.829	1.0655753401345
0.830	1.0651611871605
0.831	1.0647474258534
0.832	1.0643340556178
0.833	1.0639210758597
0.834	1.0635084859863
0.835	1.0630962854062
0.836	1.0626844735291
0.837	1.0622730497659
0.838	1.0618620135287
0.839	1.0614513642310
0.840	1.0610411012873
0.841	1.0606312241136
0.842	1.0602217321269
0.843	1.0598126247454
0.844	1.0594039013887
0.845	1.0589955614774
0.846	1.0585876044333
0.847	1.0581800296797
0.848	1.0577728366407
0.849	1.0573660247418
0.850	1.0569595934098
0.851	1.0565535420725
0.852	1.0561478701588
0.853	1.0557425770991
0.854	1.0553376623248
0.855	1.0549331252683
0.856	1.0545289653635
0.857	1.0541251820452
0.858	1.0537217747496
0.859	1.0533187429139
0.860	1.0529160859765
0.861	1.0525138033769
0.862	1.0521118945559
0.863	1.0517103589554
0.864	1.0513091960182
0.865	1.0509084051887
0.866	1.0505079859120
0.867	1.0501079376347
0.868	1.0497082598043
0.869	1.0493089518694
0.870	1.0489100132800
0.871	1.0485114434870
0.872	1.0481132419424
0.873	1.0477154080996
0.874	1.0473179414127
0.875	1.0469208413373
0.876	1.0465241073299
0.877	1.0461277388481
0.878	1.0457317353507
0.879	1.0453360962976
0.880	1.0449408211498
0.881	1.0445459093693
0.882	1.0441513604192
0.883	1.0437571737639
0.884	1.0433633488687
0.885	1.0429698851999
0.886	1.0425767822252
0.887	1.0421840394131
0.888	1.0417916562333
0.889	1.0413996321565
0.890	1.0410079666546
0.891	1.0406166592004
0.892	1.0402257092680
0.893	1.0398351163322
0.894	1.0394448798692
0.895	1.0390549993562
0.896	1.0386654742714
0.897	1.0382763040939
0.898	1.0378874883042
0.899	1.0374990263834
0.900	1.0371109178142
0.901	1.0367231620798
0.902	1.0363357586647
0.903	1.0359487070545
0.904	1.0355620067358
0.905	1.0351756571960
0.906	1.0347896579239
0.907	1.0344040084090
0.908	1.0340187081420
0.909	1.0336337566146
0.910	1.0332491533195
0.911	1.0328648977505
0.912	1.0324809894021
0.913	1.0320974277703
0.914	1.0317142123517
0.915	1.0313313426441
0.916	1.0309488181462
0.917	1.0305666383579
0.918	1.0301848027798
0.919	1.0298033109138
0.920	1.0294221622626
0.921	1.0290413563298
0.922	1.0286608926204
0.923	1.0282807706399
0.924	1.0279009898950
0.925	1.0275215498935
0.926	1.0271424501440
0.927	1.0267636901561
0.928	1.0263852694404
0.929	1.0260071875085
0.930	1.0256294438730
0.931	1.0252520380474
0.932	1.0248749695460
0.933	1.0244982378845
0.934	1.0241218425791
0.935	1.0237457831472
0.936	1.0233700591071
0.937	1.0229946699781
0.938	1.0226196152804
0.939	1.0222448945351
0.940	1.0218705072643
0.941	1.0214964529911
0.942	1.0211227312394
0.943	1.0207493415341
0.944	1.0203762834011
0.945	1.0200035563673
0.946	1.0196311599602
0.947	1.0192590937085
0.948	1.0188873571418
0.949	1.0185159497906
0.950	1.0181448711863
0.951	1.0177741208613
0.952	1.0174036983487
0.953	1.0170336031827
0.954	1.0166638348984
0.955	1.0162943930317
0.956	1.0159252771197
0.957	1.0155564867000
0.958	1.0151880213113
0.959	1.0148198804933
0.960	1.0144520637864
0.961	1.0140845707320
0.962	1.0137174008725
0.963	1.0133505537509
0.964	1.0129840289114
0.965	1.0126178258989
0.966	1.0122519442593
0.967	1.0118863835392
0.968	1.0115211432862
0.969	1.0111562230490
0.970	1.0107916223767
0.971	1.0104273408196
0.972	1.0100633779288
0.973	1.0096997332564
0.974	1.0093364063551
0.975	1.0089733967786
0.976	1.0086107040816
0.977	1.0082483278194
0.978	1.0078862675483
0.979	1.0075245228255
0.980	1.0071630932090
0.981	1.0068019782576
0.982	1.0064411775310
0.983	1.0060806905898
0.984	1.0057205169954
0.985	1.0053606563101
0.986	1.0050011080969
0.987	1.0046418719197
0.988	1.0042829473433
0.989	1.0039243339333
0.990	1.0035660312562
0.991	1.0032080388792
0.992	1.0028503563704
0.993	1.0024929832988
0.994	1.0021359192340
0.995	1.0017791637467
0.996	1.0014227164083
0.997	1.0010665767910
0.998	1.0007107444678
0.999	1.0003552190126
1.000	1.0000000000000
1.001	0.9996450870056
1.002	0.9992904796055
1.003	0.9989361773770
1.004	0.9985821798979
1.005	0.9982284867470
1.006	0.9978750975036
1.007	0.9975220117483
1.008	0.9971692290619
1.009	0.9968167490266
1.010	0.9964645712249
1.011	0.9961126952404
1.012	0.9957611206573
1.013	0.9954098470608
1.014	0.9950588740366
1.015	0.9947082011714
1.016	0.9943578280527
1.017	0.9940077542687
1.018	0.9936579794083
1.019	0.9933085030614
1.020	0.9929593248184
1.021	0.9926104442706
1.022	0.9922618610103
1.023	0.9919135746302
1.024	0.9915655847239
1.025	0.9912178908858
1.026	0.9908704927112
1.027	0.9905233897959
1.028	0.9901765817366
1.029	0.9898300681307
1.030	0.9894838485765
1.031	0.9891379226729
1.032	0.9887922900196
1.033	0.9884469502170
1.034	0.9881019028664
1.035	0.9877571475697
1.036	0.9874126839297
1.037	0.9870685115497
1.038	0.9867246300340
1.039	0.9863810389874
1.040	0.9860377380158
1.041	0.9856947267254
1.042	0.9853520047234
1.043	0.9850095716178
1.044	0.9846674270170
1.045	0.9843255705305
1.046	0.9839840017684
1.047	0.9836427203413
1.048	0.9833017258609
1.049	0.9829610179394
1.050	0.9826205961897
1.051	0.9822804602256
1.052	0.9819406096614
1.053	0.9816010441123
1.054	0.9812617631941
1.055	0.9809227665234
1.056	0.9805840537174
1.057	0.9802456243942
1.058	0.9799074781723
1.059	0.9795696146712
1.060	0.9792320335110
1.061	0.9788947343124
1.062	0.9785577166971
1.063	0.9782209802871
1.064	0.9778845247054
1.065	0.9775483495756
1.066	0.9772124545219
1.067	0.9768768391694
1.068	0.9765415031437
1.069	0.9762064460712
1.070	0.9758716675789
1.071	0.9755371672946
1.072	0.9752029448468
1.073	0.9748689998644
1.074	0.9745353319774
1.075	0.9742019408162
1.076	0.9738688260120
1.077	0.9735359871965
1.078	0.9732034240023
1.079	0.9728711360626
1.080	0.9725391230112
1.081	0.9722073844827
1.082	0.9718759201122
1.083	0.9715447295356
1.084	0.9712138123895
1.085	0.9708831683110
1.086	0.9705527969379
1.087	0.9702226979089
1.088	0.9698928708631
1.089	0.9695633154403
1.090	0.9692340312811
1.091	0.9689050180265
1.092	0.9685762753184
1.093	0.9682478027992
1.094	0.9679196001121
1.095	0.9675916669008
1.096	0.9672640028097
1.097	0.9669366074839
1.098	0.9666094805691
1.099	0.9662826217116
1.100	0.9659560305584
1.101	0.9656297067571
1.102	0.9653036499560
1.103	0.9649778598040
1.104	0.9646523359506
1.105	0.9643270780460
1.106	0.9640020857411
1.107	0.9636773586872
1.108	0.9633528965364
1.109	0.9630286989415
1.110	0.9627047655557
1.111	0.9623810960330
1.112	0.9620576900279
1.113	0.9617345471958
1.114	0.9614116671923
1.115	0.9610890496740
1.116	0.9607666942979
1.117	0.9604446007217
1.118	0.9601227686036
1.119	0.9598011976026
1.120	0.9594798873782
1.121	0.9591588375906
1.122	0.9588380479004
1.123	0.9585175179691
1.124	0.9581972474586
1.125	0.9578772360315
1.126	0.9575574833509
1.127	0.9572379890806
1.128	0.9569187528850
1.129	0.9565997744290
1.130	0.9562810533784
1.131	0.9559625893991
1.132	0.9556443821581
1.133	0.9553264313226
1.134	0.9550087365606
1.135	0.9546912975408
1.136	0.9543741139322
1.137	0.9540571854045
1.138	0.9537405116282
1.139	0.9534240922740
1.140	0.9531079270136
1.141	0.9527920155189
1.142	0.9524763574627
1.143	0.9521609525182
1.144	0.9518458003593
1.145	0.9515309006602
1.146	0.9512162530961
1.147	0.9509018573425
1.148	0.9505877130755
1.149	0.9502738199719
1.150	0.9499601777089
1.151	0.9496467859643
1.152	0.9493336444167
1.153	0.9490207527450
1.154	0.9487081106287
1.155	0.9483957177480
1.156	0.9480835737836
1.157	0.9477716784168
1.158	0.9474600313293
1.159	0.9471486322036
1.160	0.9468374807226
1.161	0.9465265765698
1.162	0.9462159194292
1.163	0.9459055089856
1.164	0.9455953449239
1.165	0.9452854269300
1.166	0.9449757546902
1.167	0.9446663278912
1.168	0.9443571462205
1.169	0.9440482093659
1.170	0.9437395170160
1.171	0.9434310688598
1.172	0.9431228645868
1.173	0.9428149038872
1.174	0.9425071864515
1.175	0.9421997119711
1.176	0.9418924801376
1.177	0.9415854906433
1.178	0.9412787431810
1.179	0.9409722374440
1.180	0.9406659731264
1.181	0.9403599499223
1.182	0.9400541675269
1.183	0.9397486256356
1.184	0.9394433239445
1.185	0.9391382621500
1.186	0.9388334399492
1.187	0.9385288570397
1.188	0.9382245131197
1.189	0.9379204078878
1.190	0.9376165410433
1.191	0.9373129122856
1.192	0.9370095213152
1.193	0.9367063678328
1.194	0.9364034515395
1.195	0.9361007721372
1.196	0.9357983293282
1.197	0.9354961228152
1.198	0.9351941523017
1.199	0.9348924174914
1.200	0.9345909180887
1.201	0.9342896537984
1.202	0.9339886243259
1.203	0.9336878293772
1.204	0.9333872686585
1.205	0.9330869418768
1.206	0.9327868487395
1.207	0.9324869889545
1.208	0.9321873622302
1.209	0.9318879682754
1.210	0.9315888067997
1.211	0.9312898775129
1.212	0.9309911801255
1.213	0.9306927143483
1.214	0.9303944798927
1.215	0.9300964764707
1.216	0.9297987037947
1.217	0.9295011615774
1.218	0.9292038495324
1.219	0.9289067673735
1.220	0.9286099148150
1.221	0.9283132915718
1.222	0.9280168973593
1.223	0.9277207318933
1.224	0.9274247948900
1.225	0.9271290860663
1.226	0.9268336051395
1.227	0.9265383518273
1.228	0.9262433258480
1.229	0.9259485269203
1.230	0.9256539547634
1.231	0.9253596090970
1.232	0.9250654896413
1.233	0.9247715961169
1.234	0.9244779282450
1.235	0.9241844857470
1.236	0.9238912683452
1.237	0.9235982757619
1.238	0.9233055077203
1.239	0.9230129639438
1.240	0.9227206441563
1.241	0.9224285480824
1.242	0.9221366754468
1.243	0.9218450259748
1.244	0.9215535993925
1.245	0.9212623954259
1.246	0.9209714138019
1.247	0.9206806542476
1.248	0.9203901164908
1.249	0.9200998002595
1.250	0.9198097052824
1.251	0.9195198312885
1.252	0.9192301780073
1.253	0.9189407451687
1.254	0.9186515325032
1.255	0.9183625397416
1.256	0.9180737666153
1.257	0.9177852128561
1.258	0.9174968781961
1.259	0.9172087623681
1.260	0.9169208651052
1.261	0.9166331861409
1.262	0.9163457252093
1.263	0.9160584820448
1.264	0.9157714563825
1.265	0.9154846479575
1.266	0.9151980565058
1.267	0.9149116817636
1.268	0.9146255234676
1.269	0.9143395813549
1.270	0.9140538551631
1.271	0.9137683446302
1.272	0.9134830494946
1.273	0.9131979694953
1.274	0.9129131043715
1.275	0.9126284538631
1.276	0.9123440177101
1.277	0.9120597956533
1.278	0.9117757874338
1.279	0.9114919927929
1.280	0.9112084114726
1.281	0.9109250432153
1.282	0.9106418877638
1.283	0.9103589448612
1.284	0.9100762142512
1.285	0.9097936956779
1.286	0.9095113888857
1.287	0.9092292936196
1.288	0.9089474096249
1.289	0.9086657366474
1.290	0.9083842744333
1.291	0.9081030227290
1.292	0.9078219812818
1.293	0.9075411498389
1.294	0.9072605281484
1.295	0.9069801159584
1.296	0.9066999130176
1.297	0.9064199190752
1.298	0.9061401338807
1.299	0.9058605571840
1.300	0.9055811887354
1.301	0.9053020282858
1.302	0.9050230755864
1.303	0.9047443303886
1.304	0.9044657924445
1.305	0.9041874615065
1.306	0.9039093373274
1.307	0.9036314196604
1.308	0.9033537082591
1.309	0.9030762028777
1.310	0.9027989032705
1.311	0.9025218091923
1.312	0.9022449203984
1.313	0.9019682366444
1.314	0.9016917576864
1.315	0.9014154832809
1.316	0.9011394131846
1.317	0.9008635471548
1.318	0.9005878849492
1.319	0.9003124263257
1.320	0.9000371710429
1.321	0.8997621188595
1.322	0.8994872695347
1.323	0.8992126228283
1.324	0.8989381785001
1.325	0.8986639363107
1.326	0.8983898960207
1.327	0.8981160573913
1.328	0.8978424201842
1.329	0.8975689841613
1.330	0.8972957490850
1.331	0.8970227147179
1.332	0.8967498808232
1.333	0.8964772471645
1.334	0.8962048135055
1.335	0.8959325796106
1.336	0.8956605452444
1.337	0.8953887101721
1.338	0.8951170741589
1.339	0.8948456369707
1.340	0.8945743983737
1.341	0.8943033581344
1.342	0.8940325160198
1.343	0.8937618717972
1.344	0.8934914252344
1.345	0.8932211760992
1.346	0.8929511241603
1.347	0.8926812691865
1.348	0.8924116109469
1.349	0.8921421492110
1.350	0.8918728837489
1.351	0.8916038143309
1.352	0.8913349407276
1.353	0.8910662627101
1.354	0.8907977800497
1.355	0.8905294925184
1.356	0.8902613998882
1.357	0.8899935019317
1.358	0.8897257984218
1.359	0.8894582891317
1.360	0.8891909738350
1.361	0.8889238523057
1.362	0.8886569243182
1.363	0.8883901896472
1.364	0.8881236480677
1.365	0.8878572993552
1.366	0.8875911432855
1.367	0.8873251796347
1.368	0.8870594081793
1.369	0.8867938286962
1.370	0.8865284409627
1.371	0.8862632447562
1.372	0.8859982398548
1.373	0.8857334260368
1.374	0.8854688030807
1.375	0.8852043707656
1.376	0.8849401288708
1.377	0.8846760771761
1.378	0.8844122154615
1.379	0.8841485435074
1.380	0.8838850610945
1.381	0.8836217680040
1.382	0.8833586640173
1.383	0.8830957489163
1.384	0.8828330224830
1.385	0.8825704845000
1.386	0.8823081347502
1.387	0.8820459730166
1.388	0.8817839990829
1.389	0.8815222127329
1.390	0.8812606137508
1.391	0.8809992019212
1.392	0.8807379770290
1.393	0.8804769388595
1.394	0.8802160871981
1.395	0.8799554218310
1.396	0.8796949425442
1.397	0.8794346491244
1.398	0.8791745413586
1.399	0.8789146190340
1.400	0.8786548819383
1.401	0.8783953298593
1.402	0.8781359625854
1.403	0.8778767799052
1.404	0.8776177816076
1.405	0.8773589674819
1.406	0.8771003373177
1.407	0.8768418909050
1.408	0.8765836280340
1.409	0.8763255484954
1.410	0.8760676520800
1.411	0.8758099385792
1.412	0.8755524077846
1.413	0.8752950594880
1.414	0.8750378934817
1.415	0.8747809095582
1.416	0.8745241075106
1.417	0.8742674871320
1.418	0.8740110482159
1.419	0.8737547905562
1.420	0.8734987139471
1.421	0.8732428181832
1.422	0.8729871030592
1.423	0.8727315683704
1.424	0.8724762139121
1.425	0.8722210394803
1.426	0.8719660448710
1.427	0.8717112298806
1.428	0.8714565943059
1.429	0.8712021379441
1.430	0.8709478605923
1.431	0.8706937620485
1.432	0.8704398421106
1.433	0.8701861005768
1.434	0.8699325372460
1.435	0.8696791519170
1.436	0.8694259443890
1.437	0.8691729144618
1.438	0.8689200619352
1.439	0.8686673866093
1.440	0.8684148882848
1.441	0.8681625667625
1.442	0.8679104218434
1.443	0.8676584533290
1.444	0.8674066610211
1.445	0.8671550447218
1.446	0.8669036042334
1.447	0.8666523393585
1.448	0.8664012499003
1.449	0.8661503356618
1.450	0.8658995964468
1.451	0.8656490320592
1.452	0.8653986423031
1.453	0.8651484269829
1.454	0.8648983859037
1.455	0.8646485188703
1.456	0.8643988256883
1.457	0.8641493061632
1.458	0.8638999601012
1.459	0.8636507873086
1.460	0.8634017875918
1.461	0.8631529607579
1.462	0.8629043066140
1.463	0.8626558249676
1.464	0.8624075156265
1.465	0.8621593783987
1.466	0.8619114130927
1.467	0.8616636195171
1.468	0.8614159974809
1.469	0.8611685467933
1.470	0.8609212672639
1.471	0.8606741587025
1.472	0.8604272209193
1.473	0.8601804537246
1.474	0.8599338569293
1.475	0.8596874303442
1.476	0.8594411737808
1.477	0.8591950870505
1.478	0.8589491699652
1.479	0.8587034223372
1.480	0.8584578439788
1.481	0.8582124347027
1.482	0.8579671943221
1.483	0.8577221226501
1.484	0.8574772195004
1.485	0.8572324846868
1.486	0.8569879180236
1.487	0.8567435193250
1.488	0.8564992884059
1.489	0.8562552250813
1.490	0.8560113291663
1.491	0.8557676004767
1.492	0.8555240388282
1.493	0.8552806440370
1.494	0.8550374159194
1.495	0.8547943542921
1.496	0.8545514589721
1.497	0.8543087297767
1.498	0.8540661665233
1.499	0.8538237690298
1.500	0.8535815371141
1.501	0.8533394705947
1.502	0.8530975692901
1.503	0.8528558330193
1.504	0.8526142616014
1.505	0.8523728548558
1.506	0.8521316126023
1.507	0.8518905346608
1.508	0.8516496208516
1.509	0.8514088709952
1.510	0.8511682849124
1.511	0.8509278624243
1.512	0.8506876033522
1.513	0.8504475075178
1.514	0.8502075747428
1.515	0.8499678048494
1.516	0.8497281976601
1.517	0.8494887529975
1.518	0.8492494706845
1.519	0.8490103505444
1.520	0.8487713924007
1.521	0.8485325960770
1.522	0.8482939613974
1.523	0.8480554881862
1.524	0.8478171762678
1.525	0.8475790254671
1.526	0.8473410356092
1.527	0.8471032065193
1.528	0.8468655380230
1.529	0.8466280299462
1.530	0.8463906821149
1.531	0.8461534943556
1.532	0.8459164664949
1.533	0.8456795983596
1.534	0.8454428897768
1.535	0.8452063405741
1.536	0.8449699505789
1.537	0.8447337196193
1.538	0.8444976475234
1.539	0.8442617341196
1.540	0.8440259792366
1.541	0.8437903827034
1.542	0.8435549443491
1.543	0.8433196640032
1.544	0.8430845414953
1.545	0.8428495766555
1.546	0.8426147693139
1.547	0.8423801193010
1.548	0.8421456264474
1.549	0.8419112905842
1.550	0.8416771115426
1.551	0.8414430891540
1.552	0.8412092232500
1.553	0.8409755136628
1.554	0.8407419602245
1.555	0.8405085627675
1.556	0.8402753211245
1.557	0.8400422351286
1.558	0.8398093046128
1.559	0.8395765294107
1.560	0.8393439093560
1.561	0.8391114442825
1.562	0.8388791340244
1.563	0.8386469784162
1.564	0.8384149772926
1.565	0.8381831304885
1.566	0.8379514378389
1.567	0.8377198991794
1.568	0.8374885143456
1.569	0.8372572831733
1.570	0.8370262054986
1.571	0.8367952811581
1.572	0.8365645099881
1.573	0.8363338918257
1.574	0.8361034265079
1.575	0.8358731138720
1.576	0.8356429537555
1.577	0.8354129459964
1.578	0.8351830904326
1.579	0.8349533869024
1.580	0.8347238352443
1.581	0.8344944352971
1.582	0.8342651868998
1.583	0.8340360898916
1.584	0.8338071441120
1.585	0.8335783494006
1.586	0.8333497055973
1.587	0.8331212125425
1.588	0.8328928700763
1.589	0.8326646780396
1.590	0.8324366362731
1.591	0.8322087446179
1.592	0.8319810029154
1.593	0.8317534110071
1.594	0.8315259687348
1.595	0.8312986759405
1.596	0.8310715324666
1.597	0.8308445381553
1.598	0.8306176928496
1.599	0.8303909963923
1.600	0.8301644486265
1.601	0.8299380493957
1.602	0.8297117985435
1.603	0.8294856959137
1.604	0.8292597413504
1.605	0.8290339346980
1.606	0.8288082758008
1.607	0.8285827645038
1.608	0.8283574006519
1.609	0.8281321840902
1.610	0.8279071146642
1.611	0.8276821922196
1.612	0.8274574166022
1.613	0.8272327876581
1.614	0.8270083052337
1.615	0.8267839691754
1.616	0.8265597793301
1.617	0.8263357355447
1.618	0.8261118376664
1.619	0.8258880855427
1.620	0.8256644790212
1.621	0.8254410179498
1.622	0.8252177021765
1.623	0.8249945315497
1.624	0.8247715059179
1.625	0.8245486251298
1.626	0.8243258890344
1.627	0.8241032974808
1.628	0.8238808503184
1.629	0.8236585473970
1.630	0.8234363885662
1.631	0.8232143736761
1.632	0.8229925025770
1.633	0.8227707751193
1.634	0.8225491911538
1.635	0.8223277505313
1.636	0.8221064531029
1.637	0.8218852987200
1.638	0.8216642872341
1.639	0.8214434184969
1.640	0.8212226923605
1.641	0.8210021086770
1.642	0.8207816672987
1.643	0.8205613680784
1.644	0.8203412108687
1.645	0.8201211955227
1.646	0.8199013218937
1.647	0.8196815898350
1.648	0.8194619992004
1.649	0.8192425498436
1.650	0.8190232416188
1.651	0.8188040743801
1.652	0.8185850479822
1.653	0.8183661622797
1.654	0.8181474171274
1.655	0.8179288123805
1.656	0.8177103478942
1.657	0.8174920235242
1.658	0.8172738391261
1.659	0.8170557945558
1.660	0.8168378896694
1.661	0.8166201243233
1.662	0.8164024983741
1.663	0.8161850116784
1.664	0.8159676640932
1.665	0.8157504554756
1.666	0.8155333856831
1.667	0.8153164545730
1.668	0.8150996620033
1.669	0.8148830078318
1.670	0.8146664919167
1.671	0.8144501141164
1.672	0.8142338742893
1.673	0.8140177722943
1.674	0.8138018079903
1.675	0.8135859812364
1.676	0.8133702918920
1.677	0.8131547398167
1.678	0.8129393248702
1.679	0.8127240469125
1.680	0.8125089058036
1.681	0.8122939014039
1.682	0.8120790335740
1.683	0.8118643021746
1.684	0.8116497070666
1.685	0.8114352481111
1.686	0.8112209251695
1.687	0.8110067381033
1.688	0.8107926867742
1.689	0.8105787710440
1.690	0.8103649907749
1.691	0.8101513458291
1.692	0.8099378360692
1.693	0.8097244613579
1.694	0.8095112215579
1.695	0.8092981165323
1.696	0.8090851461445
1.697	0.8088723102578
1.698	0.8086596087359
1.699	0.8084470414425
1.700	0.8082346082418
1.701	0.8080223089979
1.702	0.8078101435752
1.703	0.8075981118383
1.704	0.8073862136520
1.705	0.8071744488812
1.706	0.8069628173911
1.707	0.8067513190470
1.708	0.8065399537144
1.709	0.8063287212591
1.710	0.8061176215470
1.711	0.8059066544441
1.712	0.8056958198167
1.713	0.8054851175313
1.714	0.8052745474545
1.715	0.8050641094531
1.716	0.8048538033943
1.717	0.8046436291451
1.718	0.8044335865729
1.719	0.8042236755454
1.720	0.8040138959302
1.721	0.8038042475953
1.722	0.8035947304089
1.723	0.8033853442391
1.724	0.8031760889546
1.725	0.8029669644240
1.726	0.8027579705161
1.727	0.8025491070999
1.728	0.8023403740447
1.729	0.8021317712198
1.730	0.8019232984949
1.731	0.8017149557397
1.732	0.8015067428240
1.733	0.8012986596181
1.734	0.8010907059922
1.735	0.8008828818168
1.736	0.8006751869625
1.737	0.8004676213001
1.738	0.8002601847007
1.739	0.8000528770355
1.740	0.7998456981758
1.741	0.7996386479931
1.742	0.7994317263591
1.743	0.7992249331458
1.744	0.7990182682252
1.745	0.7988117314695
1.746	0.7986053227512
1.747	0.7983990419429
1.748	0.7981928889173
1.749	0.7979868635473
1.750	0.7977809657062
1.751	0.7975751952671
1.752	0.7973695521035
1.753	0.7971640360892
1.754	0.7969586470978
1.755	0.7967533850033
1.756	0.7965482496800
1.757	0.7963432410022
1.758	0.7961383588443
1.759	0.7959336030810
1.760	0.7957289735872
1.761	0.7955244702379
1.762	0.7953200929082
1.763	0.7951158414736
1.764	0.7949117158095
1.765	0.7947077157916
1.766	0.7945038412958
1.767	0.7943000921982
1.768	0.7940964683749
1.769	0.7938929697022
1.770	0.7936895960569
1.771	0.7934863473155
1.772	0.7932832233549
1.773	0.7930802240522
1.774	0.7928773492845
1.775	0.7926745989293
1.776	0.7924719728641
1.777	0.7922694709666
1.778	0.7920670931147
1.779	0.7918648391864
1.780	0.7916627090599
1.781	0.7914607026137
1.782	0.7912588197261
1.783	0.7910570602760
1.784	0.7908554241422
1.785	0.7906539112037
1.786	0.7904525213397
1.787	0.7902512544296
1.788	0.7900501103529
1.789	0.7898490889893
1.790	0.7896481902186
1.791	0.7894474139208
1.792	0.7892467599761
1.793	0.7890462282649
1.794	0.7888458186675
1.795	0.7886455310648
1.796	0.7884453653374
1.797	0.7882453213663
1.798	0.7880453990328
1.799	0.7878455982181
1.800	0.7876459188036
1.801	0.7874463606710
1.802	0.7872469237020
1.803	0.7870476077785
1.804	0.7868484127828
1.805	0.7866493385969
1.806	0.7864503851034
1.807	0.7862515521847
1.808	0.7860528397237
1.809	0.7858542476031
1.810	0.7856557757061
1.811	0.7854574239158
1.812	0.7852591921155
1.813	0.7850610801889
1.814	0.7848630880195
1.815	0.7846652154911
1.816	0.7844674624878
1.817	0.7842698288937
1.818	0.7840723145930
1.819	0.7838749194702
1.820	0.7836776434099
1.821	0.7834804862969
1.822	0.7832834480160
1.823	0.7830865284522
1.824	0.7828897274909
1.825	0.7826930450174
1.826	0.7824964809172
1.827	0.7823000350759
1.828	0.7821037073793
1.829	0.7819074977136
1.830	0.7817114059647
1.831	0.7815154320189
1.832	0.7813195757627
1.833	0.7811238370827
1.834	0.7809282158656
1.835	0.7807327119982
1.836	0.7805373253676
1.837	0.7803420558610
1.838	0.7801469033657
1.839	0.7799518677692
1.840	0.7797569489591
1.841	0.7795621468231
1.842	0.7793674612493
1.843	0.7791728921257
1.844	0.7789784393405
1.845	0.7787841027821
1.846	0.7785898823389
1.847	0.7783957778998
1.848	0.7782017893534
1.849	0.7780079165888
1.850	0.7778141594950
1.851	0.7776205179613
1.852	0.7774269918772
1.853	0.7772335811321
1.854	0.7770402856157
1.855	0.7768471052179
1.856	0.7766540398287
1.857	0.7764610893382
1.858	0.7762682536366
1.859	0.7760755326145
1.860	0.7758829261622
1.861	0.7756904341707
1.862	0.7754980565306
1.863	0.7753057931330
1.864	0.7751136438691
1.865	0.7749216086300
1.866	0.7747296873073
1.867	0.7745378797925
1.868	0.7743461859774
1.869	0.7741546057536
1.870	0.7739631390133
1.871	0.7737717856486
1.872	0.7735805455518
1.873	0.7733894186152
1.874	0.7731984047315
1.875	0.7730075037932
1.876	0.7728167156934
1.877	0.7726260403249
1.878	0.7724354775808
1.879	0.7722450273545
1.880	0.7720546895393
1.881	0.7718644640288
1.882	0.7716743507166
1.883	0.7714843494965
1.884	0.7712944602625
1.885	0.7711046829088
1.886	0.7709150173294
1.887	0.7707254634189
1.888	0.7705360210717
1.889	0.7703466901824
1.890	0.7701574706458
1.891	0.7699683623569
1.892	0.7697793652106
1.893	0.7695904791023
1.894	0.7694017039272
1.895	0.7692130395807
1.896	0.7690244859586
1.897	0.7688360429564
1.898	0.7686477104702
1.899	0.7684594883958
1.900	0.7682713766295
1.901	0.7680833750674
1.902	0.7678954836061
1.903	0.7677077021421
1.904	0.7675200305720
1.905	0.7673324687927
1.906	0.7671450167011
1.907	0.7669576741942
1.908	0.7667704411694
1.909	0.7665833175239
1.910	0.7663963031552
1.911	0.7662093979609
1.912	0.7660226018388
1.913	0.7658359146868
1.914	0.7656493364029
1.915	0.7654628668851
1.916	0.7652765060318
1.917	0.7650902537414
1.918	0.7649041099124
1.919	0.7647180744435
1.920	0.7645321472334
1.921	0.7643463281811
1.922	0.7641606171857
1.923	0.7639750141463
1.924	0.7637895189623
1.925	0.7636041315330
1.926	0.7634188517581
1.927	0.7632336795373
1.928	0.7630486147704
1.929	0.7628636573573
1.930	0.7626788071982
1.931	0.7624940641933
1.932	0.7623094282429
1.933	0.7621248992475
1.934	0.7619404771076
1.935	0.7617561617241
1.936	0.7615719529978
1.937	0.7613878508296
1.938	0.7612038551207
1.939	0.7610199657723
1.940	0.7608361826857
1.941	0.7606525057625
1.942	0.7604689349043
1.943	0.7602854700128
1.944	0.7601021109899
1.945	0.7599188577375
1.946	0.7597357101579
1.947	0.7595526681531
1.948	0.7593697316257
1.949	0.7591869004780
1.950	0.7590041746127
1.951	0.7588215539326
1.952	0.7586390383405
1.953	0.7584566277393
1.954	0.7582743220323
1.955	0.7580921211226
1.956	0.7579100249136
1.957	0.7577280333088
1.958	0.7575461462118
1.959	0.7573643635262
1.960	0.7571826851560
1.961	0.7570011110052
1.962	0.7568196409777
1.963	0.7566382749779
1.964	0.7564570129100
1.965	0.7562758546786
1.966	0.7560948001881
1.967	0.7559138493434
1.968	0.7557330020491
1.969	0.7555522582104
1.970	0.7553716177321
1.971	0.7551910805196
1.972	0.7550106464780
1.973	0.7548303155129
1.974	0.7546500875297
1.975	0.7544699624342
1.976	0.7542899401320
1.977	0.7541100205292
1.978	0.7539302035316
1.979	0.7537504890455
1.980	0.7535708769772
1.981	0.7533913672329
1.982	0.7532119597191
1.983	0.7530326543426
1.984	0.7528534510099
1.985	0.7526743496280
1.986	0.7524953501038
1.987	0.7523164523444
1.988	0.7521376562570
1.989	0.7519589617488
1.990	0.7517803687274
1.991	0.7516018771003
1.992	0.7514234867750
1.993	0.7512451976595
1.994	0.7510670096616
1.995	0.7508889226892
1.996	0.7507109366506
1.997	0.7505330514540
1.998	0.7503552670077
1.999	0.7501775832202
2.000	0.7500000000000
