0.000	1.6449340667650
0.001	1.6437330911493
0.002	1.6425342739727
0.003	1.6413376090502
0.004	1.6401430902207
0.005	1.6389507113474
0.006	1.6377604663175
0.007	1.6365723490418
0.008	1.6353863534550
0.009	1.6342024735151
0.010	1.6330207032039
0.011	1.6318410365264
0.012	1.6306634675108
0.013	1.6294879902085
0.014	1.6283145986940
0.015	1.6271432870645
0.016	1.6259740494401
0.017	1.6248068799636
0.018	1.6236417728003
0.019	1.6224787221380
0.020	1.6213177221870
0.021	1.6201587671795
0.022	1.6190018513701
0.023	1.6178469690354
0.024	1.6166941144738
0.025	1.6155432820057
0.026	1.6143944659730
0.027	1.6132476607393
0.028	1.6121028606898
0.029	1.6109600602310
0.030	1.6098192537906
0.031	1.6086804358177
0.032	1.6075436007822
0.033	1.6064087431754
0.034	1.6052758575091
0.035	1.6041449383161
0.036	1.6030159801498
0.037	1.6018889775843
0.038	1.6007639252140
0.039	1.5996408176540
0.040	1.5985196495393
0.041	1.5974004155254
0.042	1.5962831102879
0.043	1.5951677285222
0.044	1.5940542649438
0.045	1.5929427142879
0.046	1.5918330713095
0.047	1.5907253307833
0.048	1.5896194875034
0.049	1.5885155362834
0.050	1.5874134719562
0.051	1.5863132893742
0.052	1.5852149834086
0.053	1.5841185489500
0.054	1.5830239809079
0.055	1.5819312742106
0.056	1.5808404238054
0.057	1.5797514246581
0.058	1.5786642717534
0.059	1.5775789600944
0.060	1.5764954847026
0.061	1.5754138406181
0.062	1.5743340228991
0.063	1.5732560266220
0.064	1.5721798468816
0.065	1.5711054787904
0.066	1.5700329174790
0.067	1.5689621580960
0.068	1.5678931958075
0.069	1.5668260257976
0.070	1.5657606432679
0.071	1.5646970434375
0.072	1.5636352215430
0.073	1.5625751728385
0.074	1.5615168925952
0.075	1.5604603761016
0.076	1.5594056186635
0.077	1.5583526156035
0.078	1.5573013622614
0.079	1.5562518539939
0.080	1.5552040861743
0.081	1.5541580541929
0.082	1.5531137534567
0.083	1.5520711793891
0.084	1.5510303274301
0.085	1.5499911930363
0.086	1.5489537716805
0.087	1.5479180588518
0.088	1.5468840500557
0.089	1.5458517408136
0.090	1.5448211266633
0.091	1.5437922031582
0.092	1.5427649658681
0.093	1.5417394103783
0.094	1.5407155322901
0.095	1.5396933272204
0.096	1.5386727908017
0.097	1.5376539186823
0.098	1.5366367065258
0.099	1.5356211500114
0.100	1.5346072448334
0.101	1.5335949867018
0.102	1.5325843713415
0.103	1.5315753944928
0.104	1.5305680519107
0.105	1.5295623393658
0.106	1.5285582526432
0.107	1.5275557875431
0.108	1.5265549398805
0.109	1.5255557054851
0.110	1.5245580802013
0.111	1.5235620598883
0.112	1.5225676404196
0.113	1.5215748176834
0.114	1.5205835875823
0.115	1.5195939460331
0.116	1.5186058889672
0.117	1.5176194123300
0.118	1.5166345120813
0.119	1.5156511841947
0.120	1.5146694246582
0.121	1.5136892294736
0.122	1.5127105946566
0.123	1.5117335162370
0.124	1.5107579902581
0.125	1.5097840127772
0.126	1.5088115798652
0.127	1.5078406876066
0.128	1.5068713320994
0.129	1.5059035094554
0.130	1.5049372157996
0.131	1.5039724472703
0.132	1.5030092000195
0.133	1.5020474702121
0.134	1.5010872540265
0.135	1.5001285476540
0.136	1.4991713472992
0.137	1.4982156491797
0.138	1.4972614495261
0.139	1.4963087445818
0.140	1.4953575306034
0.141	1.4944078038598
0.142	1.4934595606333
0.143	1.4925127972183
0.144	1.4915675099223
0.145	1.4906236950652
0.146	1.4896813489795
0.147	1.4887404680102
0.148	1.4878010485146
0.149	1.4868630868626
0.150	1.4859265794363
0.151	1.4849915226301
0.152	1.4840579128507
0.153	1.4831257465169
0.154	1.4821950200595
0.155	1.4812657299217
0.156	1.4803378725584
0.157	1.4794114444366
0.158	1.4784864420352
0.159	1.4775628618451
0.160	1.4766407003687
0.161	1.4757199541204
0.162	1.4748006196263
0.163	1.4738826934242
0.164	1.4729661720633
0.165	1.4720510521046
0.166	1.4711373301205
0.167	1.4702250026948
0.168	1.4693140664230
0.169	1.4684045179117
0.170	1.4674963537788
0.171	1.4665895706538
0.172	1.4656841651770
0.173	1.4647801340002
0.174	1.4638774737862
0.175	1.4629761812090
0.176	1.4620762529534
0.177	1.4611776857154
0.178	1.4602804762019
0.179	1.4593846211308
0.180	1.4584901172306
0.181	1.4575969612408
0.182	1.4567051499117
0.183	1.4558146800041
0.184	1.4549255482899
0.185	1.4540377515511
0.186	1.4531512865806
0.187	1.4522661501818
0.188	1.4513823391687
0.189	1.4504998503655
0.190	1.4496186806070
0.191	1.4487388267384
0.192	1.4478602856151
0.193	1.4469830541027
0.194	1.4461071290774
0.195	1.4452325074252
0.196	1.4443591860426
0.197	1.4434871618359
0.198	1.4426164317217
0.199	1.4417469926265
0.200	1.4408788414868
0.201	1.4400119752493
0.202	1.4391463908702
0.203	1.4382820853158
0.204	1.4374190555622
0.205	1.4365572985954
0.206	1.4356968114108
0.207	1.4348375910140
0.208	1.4339796344198
0.209	1.4331229386529
0.210	1.4322675007476
0.211	1.4314133177475
0.212	1.4305603867060
0.213	1.4297087046859
0.214	1.4288582687592
0.215	1.4280090760077
0.216	1.4271611235222
0.217	1.4263144084029
0.218	1.4254689277596
0.219	1.4246246787108
0.220	1.4237816583846
0.221	1.4229398639182
0.222	1.4220992924578
0.223	1.4212599411589
0.224	1.4204218071858
0.225	1.4195848877121
0.226	1.4187491799202
0.227	1.4179146810015
0.228	1.4170813881563
0.229	1.4162492985939
0.230	1.4154184095322
0.231	1.4145887181980
0.232	1.4137602218271
0.233	1.4129329176638
0.234	1.4121068029610
0.235	1.4112818749806
0.236	1.4104581309929
0.237	1.4096355682768
0.238	1.4088141841198
0.239	1.4079939758181
0.240	1.4071749406760
0.241	1.4063570760067
0.242	1.4055403791316
0.243	1.4047248473804
0.244	1.4039104780914
0.245	1.4030972686111
0.246	1.4022852162943
0.247	1.4014743185040
0.248	1.4006645726116
0.249	1.3998559759965
0.250	1.3990485260465
0.251	1.3982422201573
0.252	1.3974370557328
0.253	1.3966330301849
0.254	1.3958301409338
0.255	1.3950283854073
0.256	1.3942277610415
0.257	1.3934282652803
0.258	1.3926298955756
0.259	1.3918326493870
0.260	1.3910365241821
0.261	1.3902415174363
0.262	1.3894476266328
0.263	1.3886548492626
0.264	1.3878631828242
0.265	1.3870726248240
0.266	1.3862831727761
0.267	1.3854948242022
0.268	1.3847075766315
0.269	1.3839214276008
0.270	1.3831363746546
0.271	1.3823524153447
0.272	1.3815695472307
0.273	1.3807877678793
0.274	1.3800070748650
0.275	1.3792274657693
0.276	1.3784489381814
0.277	1.3776714896977
0.278	1.3768951179221
0.279	1.3761198204654
0.280	1.3753455949460
0.281	1.3745724389896
0.282	1.3738003502287
0.283	1.3730293263034
0.284	1.3722593648608
0.285	1.3714904635549
0.286	1.3707226200472
0.287	1.3699558320061
0.288	1.3691900971068
0.289	1.3684254130319
0.290	1.3676617774708
0.291	1.3668991881198
0.292	1.3661376426823
0.293	1.3653771388684
0.294	1.3646176743954
0.295	1.3638592469872
0.296	1.3631018543745
0.297	1.3623454942950
0.298	1.3615901644930
0.299	1.3608358627197
0.300	1.3600825867330
0.301	1.3593303342973
0.302	1.3585791031840
0.303	1.3578288911709
0.304	1.3570796960426
0.305	1.3563315155901
0.306	1.3555843476113
0.307	1.3548381899102
0.308	1.3540930402977
0.309	1.3533488965911
0.310	1.3526057566141
0.311	1.3518636181969
0.312	1.3511224791762
0.313	1.3503823373949
0.314	1.3496431907027
0.315	1.3489050369551
0.316	1.3481678740143
0.317	1.3474316997489
0.318	1.3466965120333
0.319	1.3459623087487
0.320	1.3452290877823
0.321	1.3444968470274
0.322	1.3437655843838
0.323	1.3430352977571
0.324	1.3423059850594
0.325	1.3415776442087
0.326	1.3408502731291
0.327	1.3401238697510
0.328	1.3393984320106
0.329	1.3386739578502
0.330	1.3379504452182
0.331	1.3372278920690
0.332	1.3365062963627
0.333	1.3357856560658
0.334	1.3350659691503
0.335	1.3343472335943
0.336	1.3336294473818
0.337	1.3329126085026
0.338	1.3321967149523
0.339	1.3314817647324
0.340	1.3307677558501
0.341	1.3300546863185
0.342	1.3293425541564
0.343	1.3286313573882
0.344	1.3279210940442
0.345	1.3272117621602
0.346	1.3265033597779
0.347	1.3257958849445
0.348	1.3250893357128
0.349	1.3243837101412
0.350	1.3236790062938
0.351	1.3229752222402
0.352	1.3222723560556
0.353	1.3215704058206
0.354	1.3208693696213
0.355	1.3201692455495
0.356	1.3194700317022
0.357	1.3187717261821
0.358	1.3180743270970
0.359	1.3173778325605
0.360	1.3166822406912
0.361	1.3159875496134
0.362	1.3152937574565
0.363	1.3146008623554
0.364	1.3139088624501
0.365	1.3132177558861
0.366	1.3125275408141
0.367	1.3118382153900
0.368	1.3111497777749
0.369	1.3104622261354
0.370	1.3097755586429
0.371	1.3090897734742
0.372	1.3084048688112
0.373	1.3077208428410
0.374	1.3070376937557
0.375	1.3063554197526
0.376	1.3056740190341
0.377	1.3049934898075
0.378	1.3043138302854
0.379	1.3036350386853
0.380	1.3029571132296
0.381	1.3022800521459
0.382	1.3016038536667
0.383	1.3009285160293
0.384	1.3002540374762
0.385	1.2995804162547
0.386	1.2989076506170
0.387	1.2982357388201
0.388	1.2975646791261
0.389	1.2968944698018
0.390	1.2962251091188
0.391	1.2955565953536
0.392	1.2948889267875
0.393	1.2942221017066
0.394	1.2935561184016
0.395	1.2928909751682
0.396	1.2922266703068
0.397	1.2915632021222
0.398	1.2909005689244
0.399	1.2902387690277
0.400	1.2895778007511
0.401	1.2889176624185
0.402	1.2882583523583
0.403	1.2875998689034
0.404	1.2869422103915
0.405	1.2862853751647
0.406	1.2856293615698
0.407	1.2849741679582
0.408	1.2843197926857
0.409	1.2836662341127
0.410	1.2830134906040
0.411	1.2823615605291
0.412	1.2817104422619
0.413	1.2810601341806
0.414	1.2804106346680
0.415	1.2797619421114
0.416	1.2791140549023
0.417	1.2784669714368
0.418	1.2778206901152
0.419	1.2771752093424
0.420	1.2765305275274
0.421	1.2758866430837
0.422	1.2752435544291
0.423	1.2746012599857
0.424	1.2739597581799
0.425	1.2733190474423
0.426	1.2726791262079
0.427	1.2720399929158
0.428	1.2714016460095
0.429	1.2707640839367
0.430	1.2701273051490
0.431	1.2694913081027
0.432	1.2688560912578
0.433	1.2682216530789
0.434	1.2675879920343
0.435	1.2669551065967
0.436	1.2663229952430
0.437	1.2656916564540
0.438	1.2650610887147
0.439	1.2644312905142
0.440	1.2638022603455
0.441	1.2631739967058
0.442	1.2625464980964
0.443	1.2619197630225
0.444	1.2612937899933
0.445	1.2606685775220
0.446	1.2600441241258
0.447	1.2594204283261
0.448	1.2587974886478
0.449	1.2581753036200
0.450	1.2575538717759
0.451	1.2569331916522
0.452	1.2563132617898
0.453	1.2556940807335
0.454	1.2550756470319
0.455	1.2544579592373
0.456	1.2538410159061
0.457	1.2532248155984
0.458	1.2526093568782
0.459	1.2519946383132
0.460	1.2513806584751
0.461	1.2507674159391
0.462	1.2501549092845
0.463	1.2495431370940
0.464	1.2489320979544
0.465	1.2483217904560
0.466	1.2477122131928
0.467	1.2471033647627
0.468	1.2464952437672
0.469	1.2458878488115
0.470	1.2452811785044
0.471	1.2446752314583
0.472	1.2440700062896
0.473	1.2434655016180
0.474	1.2428617160668
0.475	1.2422586482632
0.476	1.2416562968377
0.477	1.2410546604246
0.478	1.2404537376617
0.479	1.2398535271904
0.480	1.2392540276554
0.481	1.2386552377054
0.482	1.2380571559922
0.483	1.2374597811714
0.484	1.2368631119020
0.485	1.2362671468464
0.486	1.2356718846707
0.487	1.2350773240442
0.488	1.2344834636399
0.489	1.2338903021342
0.490	1.2332978382068
0.491	1.2327060705409
0.492	1.2321149978233
0.493	1.2315246187438
0.494	1.2309349319959
0.495	1.2303459362765
0.496	1.2297576302857
0.497	1.2291700127270
0.498	1.2285830823073
0.499	1.2279968377368
0.500	1.2274112777290
0.501	1.2268264010009
0.502	1.2262422062725
0.503	1.2256586922674
0.504	1.2250758577122
0.505	1.2244937013369
0.506	1.2239122218748
0.507	1.2233314180624
0.508	1.2227512886395
0.509	1.2221718323490
0.510	1.2215930479372
0.511	1.2210149341534
0.512	1.2204374897503
0.513	1.2198607134836
0.514	1.2192846041123
0.515	1.2187091603985
0.516	1.2181343811076
0.517	1.2175602650079
0.518	1.2169868108711
0.519	1.2164140174719
0.520	1.2158418835879
0.521	1.2152704080003
0.522	1.2146995894929
0.523	1.2141294268529
0.524	1.2135599188705
0.525	1.2129910643389
0.526	1.2124228620543
0.527	1.2118553108162
0.528	1.2112884094270
0.529	1.2107221566920
0.530	1.2101565514196
0.531	1.2095915924213
0.532	1.2090272785115
0.533	1.2084636085077
0.534	1.2079005812302
0.535	1.2073381955024
0.536	1.2067764501506
0.537	1.2062153440040
0.538	1.2056548758950
0.539	1.2050950446587
0.540	1.2045358491330
0.541	1.2039772881590
0.542	1.2034193605807
0.543	1.2028620652446
0.544	1.2023054010006
0.545	1.2017493667012
0.546	1.2011939612017
0.547	1.2006391833605
0.548	1.2000850320386
0.549	1.1995315060999
0.550	1.1989786044114
0.551	1.1984263258425
0.552	1.1978746692657
0.553	1.1973236335562
0.554	1.1967732175920
0.555	1.1962234202540
0.556	1.1956742404256
0.557	1.1951256769933
0.558	1.1945777288462
0.559	1.1940303948761
0.560	1.1934836739775
0.561	1.1929375650479
0.562	1.1923920669874
0.563	1.1918471786986
0.564	1.1913028990870
0.565	1.1907592270610
0.566	1.1902161615312
0.567	1.1896737014113
0.568	1.1891318456176
0.569	1.1885905930688
0.570	1.1880499426867
0.571	1.1875098933953
0.572	1.1869704441216
0.573	1.1864315937949
0.574	1.1858933413475
0.575	1.1853556857140
0.576	1.1848186258318
0.577	1.1842821606409
0.578	1.1837462890836
0.579	1.1832110101052
0.580	1.1826763226533
0.581	1.1821422256782
0.582	1.1816087181327
0.583	1.1810757989722
0.584	1.1805434671546
0.585	1.1800117216402
0.586	1.1794805613922
0.587	1.1789499853760
0.588	1.1784199925596
0.589	1.1778905819135
0.590	1.1773617524108
0.591	1.1768335030269
0.592	1.1763058327399
0.593	1.1757787405302
0.594	1.1752522253807
0.595	1.1747262862768
0.596	1.1742009222064
0.597	1.1736761321598
0.598	1.1731519151296
0.599	1.1726282701111
0.600	1.1721051961017
0.601	1.1715826921016
0.602	1.1710607571131
0.603	1.1705393901409
0.604	1.1700185901924
0.605	1.1694983562770
0.606	1.1689786874067
0.607	1.1684595825959
0.608	1.1679410408612
0.609	1.1674230612217
0.610	1.1669056426987
0.611	1.1663887843161
0.612	1.1658724850998
0.613	1.1653567440784
0.614	1.1648415602824
0.615	1.1643269327450
0.616	1.1638128605014
0.617	1.1632993425894
0.618	1.1627863780488
0.619	1.1622739659219
0.620	1.1617621052532
0.621	1.1612507950895
0.622	1.1607400344797
0.623	1.1602298224752
0.624	1.1597201581295
0.625	1.1592110404985
0.626	1.1587024686401
0.627	1.1581944416147
0.628	1.1576869584846
0.629	1.1571800183147
0.630	1.1566736201718
0.631	1.1561677631250
0.632	1.1556624462457
0.633	1.1551576686074
0.634	1.1546534292857
0.635	1.1541497273586
0.636	1.1536465619061
0.637	1.1531439320104
0.638	1.1526418367559
0.639	1.1521402752291
0.640	1.1516392465186
0.641	1.1511387497153
0.642	1.1506387839122
0.643	1.1501393482042
0.644	1.1496404416886
0.645	1.1491420634647
0.646	1.1486442126339
0.647	1.1481468882997
0.648	1.1476500895677
0.649	1.1471538155456
0.650	1.1466580653432
0.651	1.1461628380724
0.652	1.1456681328470
0.653	1.1451739487832
0.654	1.1446802849988
0.655	1.1441871406141
0.656	1.1436945147512
0.657	1.1432024065343
0.658	1.1427108150895
0.659	1.1422197395453
0.660	1.1417291790317
0.661	1.1412391326812
0.662	1.1407495996280
0.663	1.1402605790084
0.664	1.1397720699608
0.665	1.1392840716255
0.666	1.1387965831446
0.667	1.1383096036626
0.668	1.1378231323256
0.669	1.1373371682819
0.670	1.1368517106815
0.671	1.1363667586768
0.672	1.1358823114217
0.673	1.1353983680722
0.674	1.1349149277865
0.675	1.1344319897243
0.676	1.1339495530474
0.677	1.1334676169198
0.678	1.1329861805070
0.679	1.1325052429766
0.680	1.1320248034981
0.681	1.1315448612430
0.682	1.1310654153845
0.683	1.1305864650979
0.684	1.1301080095601
0.685	1.1296300479502
0.686	1.1291525794489
0.687	1.1286756032390
0.688	1.1281991185051
0.689	1.1277231244335
0.690	1.1272476202125
0.691	1.1267726050322
0.692	1.1262980780847
0.693	1.1258240385636
0.694	1.1253504856646
0.695	1.1248774185852
0.696	1.1244048365246
0.697	1.1239327386840
0.698	1.1234611242661
0.699	1.1229899924758
0.700	1.1225193425195
0.701	1.1220491736056
0.702	1.1215794849440
0.703	1.1211102757468
0.704	1.1206415452274
0.705	1.1201732926015
0.706	1.1197055170860
0.707	1.1192382179001
0.708	1.1187713942644
0.709	1.1183050454014
0.710	1.1178391705353
0.711	1.1173737688921
0.712	1.1169088396995
0.713	1.1164443821869
0.714	1.1159803955855
0.715	1.1155168791281
0.716	1.1150538320494
0.717	1.1145912535858
0.718	1.1141291429751
0.719	1.1136674994572
0.720	1.1132063222736
0.721	1.1127456106672
0.722	1.1122853638830
0.723	1.1118255811675
0.724	1.1113662617688
0.725	1.1109074049368
0.726	1.1104490099231
0.727	1.1099910759808
0.728	1.1095336023648
0.729	1.1090765883316
0.730	1.1086200331394
0.731	1.1081639360481
0.732	1.1077082963190
0.733	1.1072531132152
0.734	1.1067983860016
0.735	1.1063441139444
0.736	1.1058902963116
0.737	1.1054369323729
0.738	1.1049840213994
0.739	1.1045315626641
0.740	1.1040795554413
0.741	1.1036279990070
0.742	1.1031768926390
0.743	1.1027262356164
0.744	1.1022760272201
0.745	1.1018262667324
0.746	1.1013769534374
0.747	1.1009280866205
0.748	1.1004796655690
0.749	1.1000316895715
0.750	1.0995841579182
0.751	1.0991370699010
0.752	1.0986904248133
0.753	1.0982442219499
0.754	1.0977984606073
0.755	1.0973531400835
0.756	1.0969082596781
0.757	1.0964638186921
0.758	1.0960198164280
0.759	1.0955762521901
0.760	1.0951331252840
0.761	1.0946904350167
0.762	1.0942481806970
0.763	1.0938063616351
0.764	1.0933649771425
0.765	1.0929240265325
0.766	1.0924835091197
0.767	1.0920434242203
0.768	1.0916037711519
0.769	1.0911645492336
0.770	1.0907257577860
0.771	1.0902873961313
0.772	1.0898494635928
0.773	1.0894119594957
0.774	1.0889748831664
0.775	1.0885382339328
0.776	1.0881020111242
0.777	1.0876662140716
0.778	1.0872308421072
0.779	1.0867958945646
0.780	1.0863613707791
0.781	1.0859272700872
0.782	1.0854935918270
0.783	1.0850603353377
0.784	1.0846274999604
0.785	1.0841950850373
0.786	1.0837630899121
0.787	1.0833315139299
0.788	1.0829003564371
0.789	1.0824696167818
0.790	1.0820392943131
0.791	1.0816093883818
0.792	1.0811798983401
0.793	1.0807508235412
0.794	1.0803221633402
0.795	1.0798939170933
0.796	1.0794660841581
0.797	1.0790386638935
0.798	1.0786116556600
0.799	1.0781850588192
0.800	1.0777588727343
0.801	1.0773330967696
0.802	1.0769077302910
0.803	1.0764827726656
0.804	1.0760582232619
0.805	1.0756340814498
0.806	1.0752103466003
0.807	1.0747870180861
0.808	1.0743640952809
0.809	1.0739415775599
0.810	1.0735194642996
0.811	1.0730977548779
0.812	1.0726764486738
0.813	1.0722555450678
0.814	1.0718350434416
0.815	1.0714149431784
0.816	1.0709952436624
0.817	1.0705759442793
0.818	1.0701570444162
0.819	1.0697385434612
0.820	1.0693204408039
0.821	1.0689027358351
0.822	1.0684854279469
0.823	1.0680685165328
0.824	1.0676520009873
0.825	1.0672358807065
0.826	1.0668201550875
0.827	1.0664048235289
0.828	1.0659898854302
0.829	1.0655753401926
0.830	1.0651611872183
0.831	1.0647474259107
0.832	1.0643340556747
0.833	1.0639210759162
0.834	1.0635084860425
0.835	1.0630962854620
0.836	1.0626844735845
0.837	1.0622730498209
0.838	1.0618620135833
0.839	1.0614513642852
0.840	1.0610411013412
0.841	1.0606312241671
0.842	1.0602217321800
0.843	1.0598126247982
0.844	1.0594039014410
0.845	1.0589955615293
0.846	1.0585876044849
0.847	1.0581800297309
0.848	1.0577728366915
0.849	1.0573660247923
0.850	1.0569595934599
0.851	1.0565535421222
0.852	1.0561478702082
0.853	1.0557425771481
0.854	1.0553376623733
0.855	1.0549331253165
0.856	1.0545289654113
0.857	1.0541251820927
0.858	1.0537217747967
0.859	1.0533187429606
0.860	1.0529160860228
0.861	1.0525138034229
0.862	1.0521118946015
0.863	1.0517103590006
0.864	1.0513091960631
0.865	1.0509084052332
0.866	1.0505079859561
0.867	1.0501079376784
0.868	1.0497082598476
0.869	1.0493089519124
0.870	1.0489100133226
0.871	1.0485114435293
0.872	1.0481132419844
0.873	1.0477154081411
0.874	1.0473179414539
0.875	1.0469208413781
0.876	1.0465241073703
0.877	1.0461277388882
0.878	1.0457317353905
0.879	1.0453360963370
0.880	1.0449408211888
0.881	1.0445459094079
0.882	1.0441513604575
0.883	1.0437571738018
0.884	1.0433633489062
0.885	1.0429698852372
0.886	1.0425767822621
0.887	1.0421840394496
0.888	1.0417916562695
0.889	1.0413996321923
0.890	1.0410079666901
0.891	1.0406166592355
0.892	1.0402257093027
0.893	1.0398351163666
0.894	1.0394448799033
0.895	1.0390549993899
0.896	1.0386654743047
0.897	1.0382763041269
0.898	1.0378874883368
0.899	1.0374990264157
0.900	1.0371109178461
0.901	1.0367231621113
0.902	1.0363357586959
0.903	1.0359487070854
0.904	1.0355620067663
0.905	1.0351756572262
0.906	1.0347896579537
0.907	1.0344040084385
0.908	1.0340187081712
0.909	1.0336337566435
0.910	1.0332491533480
0.911	1.0328648977786
0.912	1.0324809894299
0.913	1.0320974277977
0.914	1.0317142123788
0.915	1.0313313426708
0.916	1.0309488181727
0.917	1.0305666383840
0.918	1.0301848028056
0.919	1.0298033109392
0.920	1.0294221622876
0.921	1.0290413563546
0.922	1.0286608926448
0.923	1.0282807706639
0.924	1.0279009899187
0.925	1.0275215499169
0.926	1.0271424501670
0.927	1.0267636901788
0.928	1.0263852694628
0.929	1.0260071875306
0.930	1.0256294438948
0.931	1.0252520380688
0.932	1.0248749695671
0.933	1.0244982379052
0.934	1.0241218425995
0.935	1.0237457831673
0.936	1.0233700591269
0.937	1.0229946699976
0.938	1.0226196152995
0.939	1.0222448945539
0.940	1.0218705072828
0.941	1.0214964530092
0.942	1.0211227312572
0.943	1.0207493415516
0.944	1.0203762834183
0.945	1.0200035563841
0.946	1.0196311599767
0.947	1.0192590937247
0.948	1.0188873571577
0.949	1.0185159498062
0.950	1.0181448712016
0.951	1.0177741208762
0.952	1.0174036983633
0.953	1.0170336031969
0.954	1.0166638349123
0.955	1.0162943930454
0.956	1.0159252771330
0.957	1.0155564867130
0.958	1.0151880213240
0.959	1.0148198805057
0.960	1.0144520637985
0.961	1.0140845707438
0.962	1.0137174008840
0.963	1.0133505537621
0.964	1.0129840289223
0.965	1.0126178259095
0.966	1.0122519442695
0.967	1.0118863835491
0.968	1.0115211432958
0.969	1.0111562230582
0.970	1.0107916223856
0.971	1.0104273408282
0.972	1.0100633779372
0.973	1.0096997332644
0.974	1.0093364063628
0.975	1.0089733967861
0.976	1.0086107040887
0.977	1.0082483278262
0.978	1.0078862675548
0.979	1.0075245228317
0.980	1.0071630932149
0.981	1.0068019782632
0.982	1.0064411775363
0.983	1.0060806905949
0.984	1.0057205170002
0.985	1.0053606563145
0.986	1.0050011081010
0.987	1.0046418719235
0.988	1.0042829473468
0.989	1.0039243339365
0.990	1.0035660312591
0.991	1.0032080388818
0.992	1.0028503563727
0.993	1.0024929833008
0.994	1.0021359192357
0.995	1.0017791637482
0.996	1.0014227164095
0.997	1.0010665767919
0.998	1.0007107444684
0.999	1.0003552190129
1.000	1.0000000000000
1.001	0.9996450870053
1.002	0.9992904796050
1.003	0.9989361773762
1.004	0.9985821798968
1.005	0.9982284867455
1.006	0.9978750975019
1.007	0.9975220117462
1.008	0.9971692290596
1.009	0.9968167490240
1.010	0.9964645712220
1.011	0.9961126952372
1.012	0.9957611206539
1.013	0.9954098470570
1.014	0.9950588740326
1.015	0.9947082011672
1.016	0.9943578280482
1.017	0.9940077542639
1.018	0.9936579794032
1.019	0.9933085030560
1.020	0.9929593248127
1.021	0.9926104442647
1.022	0.9922618610040
1.023	0.9919135746236
1.024	0.9915655847171
1.025	0.9912178908788
1.026	0.9908704927039
1.027	0.9905233897883
1.028	0.9901765817287
1.029	0.9898300681226
1.030	0.9894838485681
1.031	0.9891379226642
1.032	0.9887922900106
1.033	0.9884469502077
1.034	0.9881019028569
1.035	0.9877571475599
1.036	0.9874126839196
1.037	0.9870685115393
1.038	0.9867246300233
1.039	0.9863810389766
1.040	0.9860377380046
1.041	0.9856947267140
1.042	0.9853520047118
1.043	0.9850095716058
1.044	0.9846674270048
1.045	0.9843255705181
1.046	0.9839840017556
1.047	0.9836427203283
1.048	0.9833017258476
1.049	0.9829610179258
1.050	0.9826205961759
1.051	0.9822804602115
1.052	0.9819406096471
1.053	0.9816010440977
1.054	0.9812617631793
1.055	0.9809227665083
1.056	0.9805840537021
1.057	0.9802456243786
1.058	0.9799074781564
1.059	0.9795696146551
1.060	0.9792320334946
1.061	0.9788947342958
1.062	0.9785577166802
1.063	0.9782209802700
1.064	0.9778845246880
1.065	0.9775483495579
1.066	0.9772124545040
1.067	0.9768768391512
1.068	0.9765415031253
1.069	0.9762064460525
1.070	0.9758716675600
1.071	0.9755371672755
1.072	0.9752029448274
1.073	0.9748689998448
1.074	0.9745353319576
1.075	0.9742019407961
1.076	0.9738688259916
1.077	0.9735359871759
1.078	0.9732034239814
1.079	0.9728711360415
1.080	0.9725391229899
1.081	0.9722073844611
1.082	0.9718759200903
1.083	0.9715447295135
1.084	0.9712138123671
1.085	0.9708831682884
1.086	0.9705527969151
1.087	0.9702226978859
1.088	0.9698928708398
1.089	0.9695633154168
1.090	0.9692340312573
1.091	0.9689050180025
1.092	0.9685762752941
1.093	0.9682478027747
1.094	0.9679196000874
1.095	0.9675916668759
1.096	0.9672640027846
1.097	0.9669366074585
1.098	0.9666094805435
1.099	0.9662826216857
1.100	0.9659560305323
1.101	0.9656297067307
1.102	0.9653036499294
1.103	0.9649778597772
1.104	0.9646523359236
1.105	0.9643270780188
1.106	0.9640020857136
1.107	0.9636773586595
1.108	0.9633528965085
1.109	0.9630286989133
1.110	0.9627047655273
1.111	0.9623810960043
1.112	0.9620576899991
1.113	0.9617345471667
1.114	0.9614116671630
1.115	0.9610890496445
1.116	0.9607666942681
1.117	0.9604446006917
1.118	0.9601227685734
1.119	0.9598011975722
1.120	0.9594798873476
1.121	0.9591588375597
1.122	0.9588380478694
1.123	0.9585175179378
1.124	0.9581972474271
1.125	0.9578772359997
1.126	0.9575574833189
1.127	0.9572379890484
1.128	0.9569187528526
1.129	0.9565997743964
1.130	0.9562810533455
1.131	0.9559625893661
1.132	0.9556443821248
1.133	0.9553264312891
1.134	0.9550087365270
1.135	0.9546912975069
1.136	0.9543741138981
1.137	0.9540571853702
1.138	0.9537405115936
1.139	0.9534240922393
1.140	0.9531079269786
1.141	0.9527920154838
1.142	0.9524763574274
1.143	0.9521609524827
1.144	0.9518458003235
1.145	0.9515309006243
1.146	0.9512162530600
1.147	0.9509018573061
1.148	0.9505877130389
1.149	0.9502738199351
1.150	0.9499601776719
1.151	0.9496467859271
1.152	0.9493336443793
1.153	0.9490207527074
1.154	0.9487081105909
1.155	0.9483957177100
1.156	0.9480835737454
1.157	0.9477716783784
1.158	0.9474600312907
1.159	0.9471486321648
1.160	0.9468374806836
1.161	0.9465265765306
1.162	0.9462159193898
1.163	0.9459055089460
1.164	0.9455953448841
1.165	0.9452854268900
1.166	0.9449757546500
1.167	0.9446663278508
1.168	0.9443571461799
1.169	0.9440482093252
1.170	0.9437395169751
1.171	0.9434310688187
1.172	0.9431228645455
1.173	0.9428149038457
1.174	0.9425071864098
1.175	0.9421997119292
1.176	0.9418924800955
1.177	0.9415854906010
1.178	0.9412787431385
1.179	0.9409722374014
1.180	0.9406659730835
1.181	0.9403599498793
1.182	0.9400541674837
1.183	0.9397486255923
1.184	0.9394433239009
1.185	0.9391382621062
1.186	0.9388334399052
1.187	0.9385288569956
1.188	0.9382245130754
1.189	0.9379204078434
1.190	0.9376165409986
1.191	0.9373129122408
1.192	0.9370095212702
1.193	0.9367063677876
1.194	0.9364034514941
1.195	0.9361007720916
1.196	0.9357983292824
1.197	0.9354961227693
1.198	0.9351941522556
1.199	0.9348924174451
1.200	0.9345909180422
1.201	0.9342896537518
1.202	0.9339886242791
1.203	0.9336878293302
1.204	0.9333872686114
1.205	0.9330869418295
1.206	0.9327868486920
1.207	0.9324869889069
1.208	0.9321873621824
1.209	0.9318879682275
1.210	0.9315888067516
1.211	0.9312898774646
1.212	0.9309911800770
1.213	0.9306927142996
1.214	0.9303944798439
1.215	0.9300964764217
1.216	0.9297987037455
1.217	0.9295011615281
1.218	0.9292038494829
1.219	0.9289067673238
1.220	0.9286099147652
1.221	0.9283132915219
1.222	0.9280168973092
1.223	0.9277207318430
1.224	0.9274247948395
1.225	0.9271290860157
1.226	0.9268336050887
1.227	0.9265383517764
1.228	0.9262433257969
1.229	0.9259485268691
1.230	0.9256539547120
1.231	0.9253596090455
1.232	0.9250654895896
1.233	0.9247715960651
1.234	0.9244779281930
1.235	0.9241844856949
1.236	0.9238912682928
1.237	0.9235982757094
1.238	0.9233055076677
1.239	0.9230129638910
1.240	0.9227206441034
1.241	0.9224285480293
1.242	0.9221366753935
1.243	0.9218450259215
1.244	0.9215535993389
1.245	0.9212623953722
1.246	0.9209714137481
1.247	0.9206806541937
1.248	0.9203901164367
1.249	0.9200998002053
1.250	0.9198097052280
1.251	0.9195198312339
1.252	0.9192301779526
1.253	0.9189407451138
1.254	0.9186515324482
1.255	0.9183625396865
1.256	0.9180737665601
1.257	0.9177852128007
1.258	0.9174968781406
1.259	0.9172087623124
1.260	0.9169208650493
1.261	0.9166331860849
1.262	0.9163457251532
1.263	0.9160584819886
1.264	0.9157714563261
1.265	0.9154846479010
1.266	0.9151980564492
1.267	0.9149116817068
1.268	0.9146255234107
1.269	0.9143395812978
1.270	0.9140538551059
1.271	0.9137683445728
1.272	0.9134830494371
1.273	0.9131979694377
1.274	0.9129131043138
1.275	0.9126284538052
1.276	0.9123440176521
1.277	0.9120597955952
1.278	0.9117757873755
1.279	0.9114919927345
1.280	0.9112084114141
1.281	0.9109250431567
1.282	0.9106418877050
1.283	0.9103589448023
1.284	0.9100762141922
1.285	0.9097936956187
1.286	0.9095113888265
1.287	0.9092292935603
1.288	0.9089474095654
1.289	0.9086657365878
1.290	0.9083842743735
1.291	0.9081030226692
1.292	0.9078219812218
1.293	0.9075411497788
1.294	0.9072605280881
1.295	0.9069801158980
1.296	0.9066999129571
1.297	0.9064199190146
1.298	0.9061401338200
1.299	0.9058605571231
1.300	0.9055811886745
1.301	0.9053020282248
1.302	0.9050230755252
1.303	0.9047443303273
1.304	0.9044657923831
1.305	0.9041874614449
1.306	0.9039093372657
1.307	0.9036314195986
1.308	0.9033537081973
1.309	0.9030762028157
1.310	0.9027989032084
1.311	0.9025218091301
1.312	0.9022449203361
1.313	0.9019682365820
1.314	0.9016917576239
1.315	0.9014154832183
1.316	0.9011394131219
1.317	0.9008635470920
1.318	0.9005878848862
1.319	0.9003124262627
1.320	0.9000371709797
1.321	0.8997621187962
1.322	0.8994872694714
1.323	0.8992126227648
1.324	0.8989381784366
1.325	0.8986639362470
1.326	0.8983898959569
1.327	0.8981160573275
1.328	0.8978424201203
1.329	0.8975689840973
1.330	0.8972957490208
1.331	0.8970227146537
1.332	0.8967498807589
1.333	0.8964772471000
1.334	0.8962048134410
1.335	0.8959325795460
1.336	0.8956605451797
1.337	0.8953887101072
1.338	0.8951170740939
1.339	0.8948456369056
1.340	0.8945743983085
1.341	0.8943033580692
1.342	0.8940325159545
1.343	0.8937618717318
1.344	0.8934914251689
1.345	0.8932211760337
1.346	0.8929511240947
1.347	0.8926812691207
1.348	0.8924116108810
1.349	0.8921421491451
1.350	0.8918728836829
1.351	0.8916038142648
1.352	0.8913349406614
1.353	0.8910662626438
1.354	0.8907977799834
1.355	0.8905294924520
1.356	0.8902613998217
1.357	0.8899935018651
1.358	0.8897257983551
1.359	0.8894582890649
1.360	0.8891909737681
1.361	0.8889238522388
1.362	0.8886569242512
1.363	0.8883901895801
1.364	0.8881236480005
1.365	0.8878572992880
1.366	0.8875911432182
1.367	0.8873251795673
1.368	0.8870594081118
1.369	0.8867938286287
1.370	0.8865284408950
1.371	0.8862632446885
1.372	0.8859982397871
1.373	0.8857334259689
1.374	0.8854688030128
1.375	0.8852043706976
1.376	0.8849401288028
1.377	0.8846760771080
1.378	0.8844122153933
1.379	0.8841485434391
1.380	0.8838850610261
1.381	0.8836217679356
1.382	0.8833586639488
1.383	0.8830957488477
1.384	0.8828330224144
1.385	0.8825704844313
1.386	0.8823081346814
1.387	0.8820459729478
1.388	0.8817839990140
1.389	0.8815222126639
1.390	0.8812606136818
1.391	0.8809992018521
1.392	0.8807379769599
1.393	0.8804769387902
1.394	0.8802160871289
1.395	0.8799554217616
1.396	0.8796949424748
1.397	0.8794346490550
1.398	0.8791745412891
1.399	0.8789146189645
1.400	0.8786548818686
1.401	0.8783953297896
1.402	0.8781359625156
1.403	0.8778767798353
1.404	0.8776177815377
1.405	0.8773589674119
1.406	0.8771003372477
1.407	0.8768418908349
1.408	0.8765836279639
1.409	0.8763255484252
1.410	0.8760676520098
1.411	0.8758099385090
1.412	0.8755524077143
1.413	0.8752950594176
1.414	0.8750378934113
1.415	0.8747809094878
1.416	0.8745241074401
1.417	0.8742674870614
1.418	0.8740110481453
1.419	0.8737547904856
1.420	0.8734987138765
1.421	0.8732428181125
1.422	0.8729871029885
1.423	0.8727315682996
1.424	0.8724762138413
1.425	0.8722210394094
1.426	0.8719660448000
1.427	0.8717112298096
1.428	0.8714565942349
1.429	0.8712021378730
1.430	0.8709478605212
1.431	0.8706937619773
1.432	0.8704398420394
1.433	0.8701861005056
1.434	0.8699325371747
1.435	0.8696791518456
1.436	0.8694259443177
1.437	0.8691729143904
1.438	0.8689200618638
1.439	0.8686673865379
1.440	0.8684148882133
1.441	0.8681625666909
1.442	0.8679104217718
1.443	0.8676584532574
1.444	0.8674066609495
1.445	0.8671550446501
1.446	0.8669036041617
1.447	0.8666523392868
1.448	0.8664012498285
1.449	0.8661503355900
1.450	0.8658995963750
1.451	0.8656490319873
1.452	0.8653986422312
1.453	0.8651484269110
1.454	0.8648983858317
1.455	0.8646485187983
1.456	0.8643988256163
1.457	0.8641493060912
1.458	0.8638999600292
1.459	0.8636507872365
1.460	0.8634017875198
1.461	0.8631529606858
1.462	0.8629043065419
1.463	0.8626558248954
1.464	0.8624075155543
1.465	0.8621593783265
1.466	0.8619114130205
1.467	0.8616636194449
1.468	0.8614159974086
1.469	0.8611685467210
1.470	0.8609212671916
1.471	0.8606741586302
1.472	0.8604272208470
1.473	0.8601804536523
1.474	0.8599338568570
1.475	0.8596874302719
1.476	0.8594411737084
1.477	0.8591950869781
1.478	0.8589491698928
1.479	0.8587034222648
1.480	0.8584578439064
1.481	0.8582124346303
1.482	0.8579671942496
1.483	0.8577221225777
1.484	0.8574772194279
1.485	0.8572324846144
1.486	0.8569879179511
1.487	0.8567435192525
1.488	0.8564992883334
1.489	0.8562552250088
1.490	0.8560113290938
1.491	0.8557676004042
1.492	0.8555240387557
1.493	0.8552806439644
1.494	0.8550374158468
1.495	0.8547943542196
1.496	0.8545514588996
1.497	0.8543087297042
1.498	0.8540661664508
1.499	0.8538237689572
1.500	0.8535815370416
1.501	0.8533394705222
1.502	0.8530975692176
1.503	0.8528558329468
1.504	0.8526142615288
1.505	0.8523728547833
1.506	0.8521316125297
1.507	0.8518905345883
1.508	0.8516496207791
1.509	0.8514088709227
1.510	0.8511682848399
1.511	0.8509278623518
1.512	0.8506876032797
1.513	0.8504475074453
1.514	0.8502075746703
1.515	0.8499678047769
1.516	0.8497281975876
1.517	0.8494887529250
1.518	0.8492494706121
1.519	0.8490103504720
1.520	0.8487713923283
1.521	0.8485325960046
1.522	0.8482939613250
1.523	0.8480554881138
1.524	0.8478171761954
1.525	0.8475790253948
1.526	0.8473410355368
1.527	0.8471032064469
1.528	0.8468655379507
1.529	0.8466280298739
1.530	0.8463906820427
1.531	0.8461534942834
1.532	0.8459164664227
1.533	0.8456795982874
1.534	0.8454428897046
1.535	0.8452063405019
1.536	0.8449699505068
1.537	0.8447337195472
1.538	0.8444976474513
1.539	0.8442617340475
1.540	0.8440259791646
1.541	0.8437903826314
1.542	0.8435549442771
1.543	0.8433196639312
1.544	0.8430845414234
1.545	0.8428495765836
1.546	0.8426147692420
1.547	0.8423801192291
1.548	0.8421456263756
1.549	0.8419112905124
1.550	0.8416771114708
1.551	0.8414430890822
1.552	0.8412092231783
1.553	0.8409755135911
1.554	0.8407419601528
1.555	0.8405085626958
1.556	0.8402753210529
1.557	0.8400422350570
1.558	0.8398093045413
1.559	0.8395765293392
1.560	0.8393439092845
1.561	0.8391114442110
1.562	0.8388791339530
1.563	0.8386469783449
1.564	0.8384149772213
1.565	0.8381831304171
1.566	0.8379514377676
1.567	0.8377198991082
1.568	0.8374885142744
1.569	0.8372572831021
1.570	0.8370262054275
1.571	0.8367952810870
1.572	0.8365645099171
1.573	0.8363338917547
1.574	0.8361034264369
1.575	0.8358731138011
1.576	0.8356429536847
1.577	0.8354129459256
1.578	0.8351830903618
1.579	0.8349533868317
1.580	0.8347238351737
1.581	0.8344944352265
1.582	0.8342651868292
1.583	0.8340360898211
1.584	0.8338071440415
1.585	0.8335783493301
1.586	0.8333497055269
1.587	0.8331212124721
1.588	0.8328928700060
1.589	0.8326646779693
1.590	0.8324366362029
1.591	0.8322087445478
1.592	0.8319810028453
1.593	0.8317534109371
1.594	0.8315259686648
1.595	0.8312986758706
1.596	0.8310715323967
1.597	0.8308445380855
1.598	0.8306176927799
1.599	0.8303909963226
1.600	0.8301644485569
1.601	0.8299380493261
1.602	0.8297117984740
1.603	0.8294856958442
1.604	0.8292597412810
1.605	0.8290339346286
1.606	0.8288082757316
1.607	0.8285827644346
1.608	0.8283574005827
1.609	0.8281321840211
1.610	0.8279071145952
1.611	0.8276821921506
1.612	0.8274574165333
1.613	0.8272327875893
1.614	0.8270083051649
1.615	0.8267839691067
1.616	0.8265597792614
1.617	0.8263357354761
1.618	0.8261118375979
1.619	0.8258880854743
1.620	0.8256644789529
1.621	0.8254410178815
1.622	0.8252177021083
1.623	0.8249945314816
1.624	0.8247715058498
1.625	0.8245486250618
1.626	0.8243258889664
1.627	0.8241032974129
1.628	0.8238808502507
1.629	0.8236585473293
1.630	0.8234363884985
1.631	0.8232143736085
1.632	0.8229925025095
1.633	0.8227707750519
1.634	0.8225491910865
1.635	0.8223277504640
1.636	0.8221064530357
1.637	0.8218852986529
1.638	0.8216642871671
1.639	0.8214434184300
1.640	0.8212226922937
1.641	0.8210021086102
1.642	0.8207816672321
1.643	0.8205613680118
1.644	0.8203412108022
1.645	0.8201211954563
1.646	0.8199013218273
1.647	0.8196815897688
1.648	0.8194619991342
1.649	0.8192425497775
1.650	0.8190232415528
1.651	0.8188040743142
1.652	0.8185850479164
1.653	0.8183661622139
1.654	0.8181474170617
1.655	0.8179288123149
1.656	0.8177103478288
1.657	0.8174920234588
1.658	0.8172738390608
1.659	0.8170557944906
1.660	0.8168378896043
1.661	0.8166201242583
1.662	0.8164024983092
1.663	0.8161850116136
1.664	0.8159676640285
1.665	0.8157504554110
1.666	0.8155333856185
1.667	0.8153164545086
1.668	0.8150996619390
1.669	0.8148830077676
1.670	0.8146664918526
1.671	0.8144501140523
1.672	0.8142338742253
1.673	0.8140177722304
1.674	0.8138018079265
1.675	0.8135859811728
1.676	0.8133702918285
1.677	0.8131547397533
1.678	0.8129393248069
1.679	0.8127240468492
1.680	0.8125089057404
1.681	0.8122939013409
1.682	0.8120790335111
1.683	0.8118643021118
1.684	0.8116497070039
1.685	0.8114352480485
1.686	0.8112209251071
1.687	0.8110067380409
1.688	0.8107926867119
1.689	0.8105787709818
1.690	0.8103649907128
1.691	0.8101513457672
1.692	0.8099378360074
1.693	0.8097244612961
1.694	0.8095112214963
1.695	0.8092981164708
1.696	0.8090851460831
1.697	0.8088723101965
1.698	0.8086596086747
1.699	0.8084470413815
1.700	0.8082346081809
1.701	0.8080223089371
1.702	0.8078101435145
1.703	0.8075981117778
1.704	0.8073862135915
1.705	0.8071744488209
1.706	0.8069628173309
1.707	0.8067513189869
1.708	0.8065399536545
1.709	0.8063287211993
1.710	0.8061176214873
1.711	0.8059066543845
1.712	0.8056958197572
1.713	0.8054851174719
1.714	0.8052745473953
1.715	0.8050641093940
1.716	0.8048538033353
1.717	0.8046436290862
1.718	0.8044335865142
1.719	0.8042236754867
1.720	0.8040138958717
1.721	0.8038042475369
1.722	0.8035947303506
1.723	0.8033853441810
1.724	0.8031760888967
1.725	0.8029669643661
1.726	0.8027579704584
1.727	0.8025491070423
1.728	0.8023403739873
1.729	0.8021317711625
1.730	0.8019232984377
1.731	0.8017149556826
1.732	0.8015067427671
1.733	0.8012986595613
1.734	0.8010907059356
1.735	0.8008828817603
1.736	0.8006751869061
1.737	0.8004676212439
1.738	0.8002601846447
1.739	0.8000528769795
1.740	0.7998456981199
1.741	0.7996386479374
1.742	0.7994317263036
1.743	0.7992249330904
1.744	0.7990182681699
1.745	0.7988117314144
1.746	0.7986053226963
1.747	0.7983990418881
1.748	0.7981928888626
1.749	0.7979868634928
1.750	0.7977809656518
1.751	0.7975751952128
1.752	0.7973695520494
1.753	0.7971640360352
1.754	0.7969586470440
1.755	0.7967533849497
1.756	0.7965482496265
1.757	0.7963432409488
1.758	0.7961383587911
1.759	0.7959336030280
1.760	0.7957289735343
1.761	0.7955244701851
1.762	0.7953200928556
1.763	0.7951158414211
1.764	0.7949117157572
1.765	0.7947077157394
1.766	0.7945038412438
1.767	0.7943000921463
1.768	0.7940964683232
1.769	0.7938929696507
1.770	0.7936895960055
1.771	0.7934863472643
1.772	0.7932832233038
1.773	0.7930802240013
1.774	0.7928773492338
1.775	0.7926745988787
1.776	0.7924719728137
1.777	0.7922694709164
1.778	0.7920670930646
1.779	0.7918648391365
1.780	0.7916627090102
1.781	0.7914607025641
1.782	0.7912588196767
1.783	0.7910570602267
1.784	0.7908554240931
1.785	0.7906539111547
1.786	0.7904525212909
1.787	0.7902512543810
1.788	0.7900501103045
1.789	0.7898490889410
1.790	0.7896481901705
1.791	0.7894474138729
1.792	0.7892467599283
1.793	0.7890462282172
1.794	0.7888458186201
1.795	0.7886455310175
1.796	0.7884453652903
1.797	0.7882453213194
1.798	0.7880453989861
1.799	0.7878455981715
1.800	0.7876459187572
1.801	0.7874463606247
1.802	0.7872469236559
1.803	0.7870476077327
1.804	0.7868484127371
1.805	0.7866493385514
1.806	0.7864503850580
1.807	0.7862515521395
1.808	0.7860528396787
1.809	0.7858542475583
1.810	0.7856557756614
1.811	0.7854574238713
1.812	0.7852591920712
1.813	0.7850610801448
1.814	0.7848630879755
1.815	0.7846652154474
1.816	0.7844674624443
1.817	0.7842698288503
1.818	0.7840723145498
1.819	0.7838749194272
1.820	0.7836776433671
1.821	0.7834804862542
1.822	0.7832834479735
1.823	0.7830865284100
1.824	0.7828897274489
1.825	0.7826930449755
1.826	0.7824964808755
1.827	0.7823000350344
1.828	0.7821037073380
1.829	0.7819074976725
1.830	0.7817114059237
1.831	0.7815154319782
1.832	0.7813195757222
1.833	0.7811238370424
1.834	0.7809282158254
1.835	0.7807327119582
1.836	0.7805373253279
1.837	0.7803420558214
1.838	0.7801469033263
1.839	0.7799518677300
1.840	0.7797569489201
1.841	0.7795621467843
1.842	0.7793674612107
1.843	0.7791728920873
1.844	0.7789784393023
1.845	0.7787841027441
1.846	0.7785898823011
1.847	0.7783957778622
1.848	0.7782017893160
1.849	0.7780079165516
1.850	0.7778141594580
1.851	0.7776205179246
1.852	0.7774269918406
1.853	0.7772335810957
1.854	0.7770402855795
1.855	0.7768471051820
1.856	0.7766540397930
1.857	0.7764610893026
1.858	0.7762682536013
1.859	0.7760755325793
1.860	0.7758829261273
1.861	0.7756904341360
1.862	0.7754980564961
1.863	0.7753057930987
1.864	0.7751136438350
1.865	0.7749216085962
1.866	0.7747296872737
1.867	0.7745378797591
1.868	0.7743461859441
1.869	0.7741546057206
1.870	0.7739631389805
1.871	0.7737717856160
1.872	0.7735805455194
1.873	0.7733894185830
1.874	0.7731984046995
1.875	0.7730075037615
1.876	0.7728167156619
1.877	0.7726260402936
1.878	0.7724354775498
1.879	0.7722450273237
1.880	0.7720546895087
1.881	0.7718644639984
1.882	0.7716743506864
1.883	0.7714843494665
1.884	0.7712944602328
1.885	0.7711046828793
1.886	0.7709150173002
1.887	0.7707254633898
1.888	0.7705360210428
1.889	0.7703466901537
1.890	0.7701574706174
1.891	0.7699683623287
1.892	0.7697793651827
1.893	0.7695904790746
1.894	0.7694017038997
1.895	0.7692130395535
1.896	0.7690244859315
1.897	0.7688360429296
1.898	0.7686477104436
1.899	0.7684594883695
1.900	0.7682713766034
1.901	0.7680833750416
1.902	0.7678954835805
1.903	0.7677077021167
1.904	0.7675200305468
1.905	0.7673324687677
1.906	0.7671450166764
1.907	0.7669576741697
1.908	0.7667704411451
1.909	0.7665833174999
1.910	0.7663963031314
1.911	0.7662093979374
1.912	0.7660226018156
1.913	0.7658359146638
1.914	0.7656493363801
1.915	0.7654628668625
1.916	0.7652765060095
1.917	0.7650902537193
1.918	0.7649041098906
1.919	0.7647180744219
1.920	0.7645321472121
1.921	0.7643463281600
1.922	0.7641606171648
1.923	0.7639750141257
1.924	0.7637895189419
1.925	0.7636041315129
1.926	0.7634188517382
1.927	0.7632336795177
1.928	0.7630486147510
1.929	0.7628636573382
1.930	0.7626788071794
1.931	0.7624940641747
1.932	0.7623094282245
1.933	0.7621248992293
1.934	0.7619404770898
1.935	0.7617561617065
1.936	0.7615719529804
1.937	0.7613878508125
1.938	0.7612038551038
1.939	0.7610199657557
1.940	0.7608361826694
1.941	0.7606525057464
1.942	0.7604689348885
1.943	0.7602854699972
1.944	0.7601021109746
1.945	0.7599188577225
1.946	0.7597357101430
1.947	0.7595526681386
1.948	0.7593697316114
1.949	0.7591869004639
1.950	0.7590041745989
1.951	0.7588215539191
1.952	0.7586390383272
1.953	0.7584566277263
1.954	0.7582743220196
1.955	0.7580921211102
1.956	0.7579100249014
1.957	0.7577280332969
1.958	0.7575461462001
1.959	0.7573643635148
1.960	0.7571826851449
1.961	0.7570011109943
1.962	0.7568196409671
1.963	0.7566382749675
1.964	0.7564570128999
1.965	0.7562758546688
1.966	0.7560948001786
1.967	0.7559138493341
1.968	0.7557330020402
1.969	0.7555522582017
1.970	0.7553716177237
1.971	0.7551910805114
1.972	0.7550106464701
1.973	0.7548303155053
1.974	0.7546500875224
1.975	0.7544699624271
1.976	0.7542899401252
1.977	0.7541100205226
1.978	0.7539302035254
1.979	0.7537504890396
1.980	0.7535708769715
1.981	0.7533913672275
1.982	0.7532119597140
1.983	0.7530326543377
1.984	0.7528534510054
1.985	0.7526743496237
1.986	0.7524953500998
1.987	0.7523164523407
1.988	0.7521376562535
1.989	0.7519589617457
1.990	0.7517803687245
1.991	0.7516018770977
1.992	0.7514234867727
1.993	0.7512451976575
1.994	0.7510670096598
1.995	0.7508889226878
1.996	0.7507109366495
1.997	0.7505330514531
1.998	0.7503552670071
1.999	0.7501775832199
2.000	0.7500000000000
